0.6 3.66667 16.2 3.11111 2 2.69231 5.44444 3 14 9.75 26 9.16667 9.77778 1.8 7.46154 6.83333 3.38889 5 50 3.29412 1.6875 4.88889 5.27273 8.6 7.91667 9 0.411765 48.5 1.14286 2.8 30.3333 7.2 51 15.4 31 4.05882 1.16667 4.45455 2.69231 22.5 5.92857 4.5 37 2.41667 5.55556 50 5.8125 15.4 10.125 5.25 41 3.45 13.1667 7 0.166667 1.4 1.14286 2.2 62 6.625 3.8 21 14 3.71429 3.57143 0.214286 7.14286 2.42857 3.9 5.625 4.72727 3.375 41 3.2 5.23529 7.75 17.25 0.705882 6.25 80 4.75 20.25 7.125 0.421053 7.375 7.6 3.5 0.454545 19.5 3.30769 6.18182 12.25 0.692308 1.92857 2.1 17 5.27273 5.41667 12.3333 33 
0 0 0 0 0 0 0 0 0 0 0 0 0 0 0 0 0 0 0 0 0 0 0 0 0 0 0 0 0 0 0 0 0 0 0 0 0 0 0 0 0 0 0 0 0 0 0 0 0 0 0 0 0 0 0 0 0 0 0 0 0 0 0 0 0 0 0 0 0 0 0 0 0 0 0 0 0 0 0 0 0 0 0 0 0 0 0 0 0 0 0 0 0 0 0 0 0 0 0 0 
105513 4.14286 6.83333 4.3 7.33333 2.75 12.1429 22.5 3 1.75 7.36364 8.22222 1.85714 2.26667 7.36364 1.83333 46 3.7 2.33333 3.21053 2.84615 4.5625 1.15789 15 9.4 30 18 8.42857 3.27778 78 6.6 2.75 5.6 18.4 3.4 6.9 7.9 0.2 64 6.23077 2.72222 5.46667 2.72727 85 0.388889 7.33333 5.875 18.8 7.90909 0.75 31 7.83333 21.3333 0.4375 4.55 0.117647 0.928571 4.33333 4.4 5 3.13333 20 1.05882 85 1.42105 33 2.72222 1.52941 6.66667 0.55 6.38462 3.61111 0.647059 0.222222 0.3125 4.92857 2.5 16.4 3.85 33.5 7.22222 2.5 4.17647 3.3 12.125 20.5 2.8 7.6 33.5 1 7.25 4.9375 7 3.52632 1.8125 0.5 3.27273 1.53846 0.55 1.6 
1.11111 113699 1.15385 1.75 1.3125 5.33333 11 2.66667 0.2 6.2 5.64286 3.31579 0.357143 7.71429 4.7 3.5 3.0625 12.125 4.35 5 2.16667 2.05263 2.41667 18.75 3.14286 3.22222 7.8 10.1667 5.58824 5.05263 13 0.916667 2.85714 19.2 3.5 12 21.6667 6.61538 6.28571 2.47368 7.2 19.5 0.642857 11.6667 16.5 1.29412 14.3333 8 11.5714 49 1.84615 7.30769 0.388889 4.41667 0.6 2.21429 2 2.33333 2.17647 2.11111 10 9.75 2.88235 1.21429 11.8571 3.2 6.14286 10.8333 5 1.4 1.94118 12 10.7778 0.6 3.05556 4.88889 0.625 3 89 4.78571 0.588235 0.55 11.5 1.15789 2.23077 5.06667 17 1.88889 7.66667 8.75 4.22222 26 4.52941 11.3333 7.75 50 27.3333 1.3 24 5 
29 1.31579 119899 2.57143 9 3.0625 7.85714 1.125 10.7778 5.82353 4.94737 23.5 10.375 3.5 3.73684 5.11111 3.70588 19 6.35714 3.52632 5.44444 4.17647 3.55556 4.125 4.05882 58 6.30769 1.1 0.666667 5.83333 4.07692 4.05556 10.125 0.25 5.66667 2.8 3 1.72222 1.11111 0.909091 20.75 17 5.88235 6.81818 9.09091 5.70588 20 18.5 5.14286 2.375 11.7143 5.11111 0.8 1.47059 3.4 5.82353 0.45 10 2.35294 2.5 4.94118 6.92857 8.6 12.8 7.33333 4.5 0.111111 2.06667 1.76471 2.92857 15.6667 4.66667 3.83333 2.36364 1 24.75 12.4 7.07143 3.875 6.16667 10 5.05882 8.81818 0.642857 6.5 8.33333 7 8.55556 6.38462 1.77778 0.882353 5.85714 4.75 10.25 6.5 29 11.625 16.5 9.33333 12 
7.36364 5.14286 5 124977 1.42857 12 41.5 24 5 3.64286 1.7 4.15 2.58824 0.842105 5.25 3.46667 2.2 4.66667 37.5 1.08333 11.8571 1.54545 2.16667 0.333333 0.470588 8.77778 5.2 0.9375 2.61538 3.68421 1.47368 33.5 86 2.5 1.53333 5.5 3.89474 7.53846 6.4 11.2857 11.1667 39 4.15789 94 2.35714 5.55556 0.944444 1.33333 0.470588 15.3333 1.92857 7.14286 2.29412 1.28571 1.7 0.111111 3.27778 2.64286 0.8 3.35294 18 39 2.75 46 1.85 5.21429 0.611111 22.5 27 3 4.75 7 4.375 70 6.22222 21 0.941176 3.30769 7.15385 27 9.77778 1.8 4.66667 3.64706 6.46667 5.42857 4.85714 0.65 6.76923 9.8 5 4.94118 42.5 7.22222 0.6 6.125 2.44444 2.68421 7.2 1.64286 
5.42857 3.33333 0.2 7 108047 0.5 8.16667 57 0.833333 4.33333 4.36364 8.22222 25.3333 4.83333 0.846154 1.83333 3.58824 5.53846 4.31579 1.25 5.63636 3.26316 7.125 5.38462 4.52632 17 0.722222 5.9 1 2.75 3.15 16.5 3.55556 9.33333 0.75 39 100 5.06667 46 3.86667 3.33333 3.83333 2.125 0.928571 3.4 4.11765 0.363636 2.42857 1.95 1.35294 4.58333 7.4 2.18182 3.72727 3.70588 24 1.5 7.22222 3.5 10.5556 43.5 2.11111 5.33333 35.5 3.95 9 10.3333 8.1 56 3.68421 4.7 3.2 5.625 12.2857 3.33333 2.25 5.21053 5 3.2 4.88235 1.2 19 2.6 13 5.4 2.15789 8.125 3.22222 10.1429 2.7 4.75 2.29412 4.94737 2.1 2.85714 3.6 14 15.3333 7.58333 15.1667 
4.55 9.66667 7.33333 8.8 2.83333 103456 19.25 5.55556 3 6.09091 94 10.4444 3.8125 5.63636 3.375 11.8571 7.5 8.54545 8.2 7.61538 3 18 6 12.2857 14 4.18182 22.25 40 13.5 6.25 2.6 1.1 23 10 15.6 1.25 5.15385 12.375 5.9375 3.11111 0.611111 6.625 1.33333 3 4.31579 4.16667 7.25 1.66667 5.36364 0.25 21.75 0.941176 67 1.4375 4 51 80 11.5 2.17647 0.833333 0.777778 5.41176 60 13.6667 3.8 3.16667 5 3.14286 4 7.25 5.13333 8.66667 24.25 2.31579 2.21053 5.66667 3.70588 5.42857 3.0625 6.66667 9.1 3.78947 3.42857 1.05263 5.6 24.5 44 4.5 1.66667 4.14286 12.5 9.44444 2.54545 7.25 9.3 2.33333 0.75 18.4 4.2 0.3 
2.2 4.6 7 0.944444 11.25 4.71429 101935 86 1.08333 1.55 20.75 2.45 1.44444 7.9 5.88889 3.15789 5.38462 15.3333 2.33333 2.35 4.33333 1.66667 1.3 13.6 1.72222 47 5.375 2.8 9.5 3.95 20 31.3333 0.833333 8.28571 2.81818 6.64286 10.7143 1.95 2.07692 4.9375 0.7 3.78571 10 9 4.72727 1 16.3333 6.5 65 8.45455 3.875 11.8 0.5 4.5 1.15789 60 5.625 1.1 95 52 14 3.8 0.5 1.5 3.875 1.5 1.11111 1.6 16.5 0.210526 3.73684 99 2.18182 2.5 6.33333 18.25 15.6 3.88889 5.16667 5.625 6.64286 20 3.26316 6.5 1.06667 8.6 5.77778 2.66667 3.27778 5.44444 5.73333 3 1.6875 3.88235 11 4.09091 1.21053 10.7143 3.53846 5.15385 
4 16.1667 5.45455 1.9375 2.63636 1.53846 1.92857 130533 58 6.5 26 15.8 12.3333 18.75 4.875 1.84615 2.45 3.13333 0.666667 0.4 0.571429 4.30769 6.45455 2.85714 1.90909 19 5.41176 7.9 98 97 24 2.93333 2.31579 8.33333 1.46667 4.8 9 1.94118 5.14286 8.90909 3.45 6.92857 3.1 1.5 95 9.16667 98 7.22222 0.705882 1 23.3333 1.35714 8 10 8.75 40 3.47059 41.5 14.75 2 8.8 1.93333 6.46667 5.23077 6.35714 6.42857 4.1 6.54545 7.22222 6.75 56 9.33333 75 4.91667 2.9375 1.66667 4.4 7.85714 4.26667 31 0.454545 4 6.55556 6.42857 1.55556 0.666667 8.42857 5.75 14 5.90909 2.17647 0.545455 8.57143 4.09091 22 4.42857 1.42857 5.26316 2.28571 5.38889 
45.5 1.89474 7.36364 4.7 32 2.08333 0.545455 1.33333 107741 51 0.0833333 2 4.3 7.625 23.5 1.4 5.22222 1.05556 3.6 5.8125 2.55 45 1.5 2 6.3 3.06667 7.25 0.0909091 8 12.5 1.33333 7 1.33333 2.83333 0.75 6.61538 6.85714 4.88889 6.25 7.08333 2.68421 3.46667 1.76923 0.388889 19.5 9.85714 5.76923 17 3.73684 6.85714 4.8 1.57143 5.92857 4.83333 3.33333 13 0.4 12 2.75 5.14286 2.14286 4.75 9.25 1.14286 8.25 9.22222 0.444444 3.75 16.8 0.538462 4.52632 8 1.45 1.38462 6.84615 0.692308 2.75 14.3333 3.21429 2.75 2.5 6.2 8 2 1.46667 5.93333 3.75 5.21053 4 2.1875 3.18182 28.5 5.15789 4.84615 5.125 5.14286 5 1.38462 6 4.41667 
11.6667 2.75 1.52632 2.29412 4 0.15 21.25 7 0.578947 124765 6.06667 4 6.16667 11.4286 4.625 0.333333 2.21429 3.61111 2 2.94737 30.5 2 5.875 15 1.75 7 3.46154 7.2 7.36364 2.75 1.25 5.28571 10.25 0.111111 0.55 0.9 21.5 4.375 15.2 4.73684 0.166667 6.33333 45 7 4.26667 4.33333 1 62 1 0.666667 7.57143 21.5 1.125 40 2.84615 29.3333 1.66667 1.9 29.3333 9.25 2.5625 2.1 0.333333 17.6 13.6667 12.375 4 0.85 6.14286 3.57143 16.1667 9.5 0.882353 1.2 5.125 1.85714 15.8333 10.5714 11 49 0.461538 6.57143 6.14286 14.1429 2.76471 34.5 2.44444 27.5 4.88235 7 5.88235 1.45455 18.25 7.14286 0.705882 8 4.1 4.26667 2.47059 6.57143 
2.6 6.44444 1 9 2 10.5714 4.11765 1 14.2857 9 128268 0.588235 3.4 3.22222 1.76471 4.55556 5.1 69 0.642857 11.6667 8 25 2.5 0.789474 21.25 6.2 5.5 22 22 4.63158 1.88235 2 17 12.5 1.75 6.38462 1.78571 4.21429 14.5 10.2222 1.10526 0.833333 10.3333 3.36364 9.85714 2.45 0.2 7.72727 20.6667 4.92308 11.6 15.1667 0.4375 1.27778 6.54545 3.64706 11.4 5.05263 5.25 20.3333 11.1667 7.23077 5.23529 8.57143 0.333333 4.92308 29 3.26316 47 5.8 0.571429 4.88889 5 7.5 5.54545 6.13333 1.11111 31.6667 8.66667 5.81818 5.125 7.5 3.8 18.75 2.69231 5.125 3.1875 0.333333 1.66667 2.33333 0.375 4.2 1.52941 7.5 7.55556 1.6 5.28571 7.53846 2.16667 10.75 
23.5 1.2 0.0625 8.55556 4 5.85714 13.25 15 81 0.7 13.4286 127232 2.10526 9.9 22 89 4 4.5625 83 0.272727 0.666667 3.61111 1.86667 2.2 3.58824 9.25 5.77778 1.93333 3.09091 7.75 3.61538 2.8 2.55 20.5 3.33333 3.05556 2.7 2.5 12.2857 8.25 8.1 2.72727 4.5 6.61538 5.26667 2.25 3.26316 6.36364 2.35 1.6875 3.44444 5.05263 0.157895 1 79 24.75 27 2 2.8 7.83333 2.7 1.3125 8 5.38889 1.72222 4.0625 0.285714 3.14286 10 9.2 4.25 1.78947 0.375 3 5.28571 0.615385 4.70588 4.38889 5.42857 5.66667 3.42857 11.625 2.33333 31.3333 7 4.93333 2.41667 6 5.47059 5.46154 17.2 33.3333 8.83333 8.63636 12.8 4.13333 13 2.64706 21 6.71429 
5.5 3 4.5 6.13333 1.45455 1.05556 6 32 1.76923 9.33333 5.90909 0.933333 121134 3.25 6.125 1.41667 6.1 5.70588 11 5.0625 3.07143 2.4 5.76471 2.88889 4.29412 10.25 7.30769 85 4.33333 0.2 3.11111 0.4 1.23077 10.6 2.28571 5.86667 7.18182 10.125 70 3.46667 5.5 4.73684 2.65 0.647059 1.61111 16 0.421053 4.77778 6.25 1.76471 5.21053 1.66667 4.44444 3.65 12 7.875 47 15 6.875 2.38889 12.8333 1.42857 3 4.25 1 10.7778 6.125 15 15.4 16 10.4 3.05263 6 17.2 5.66667 3.0625 26 92 5.2 6.71429 2.8 4.07692 2.35294 7 0.666667 5.53333 5.07692 8.16667 0.75 3 1.07692 23 0.4 9.11111 1.05263 4.0625 40 5.35294 0.526316 5.21429 
6.84615 4.6 0.666667 27.3333 4.2 2.25 2.5 5 3.78947 3.5 1.17647 34 10.625 113886 13.8571 12.3333 45 1 5.8125 6 5.83333 5.17647 5.2 4.71429 2.33333 3.66667 4.92308 44 2.14286 2.6 1.25 4.42857 1.77778 71 0.1 6.61538 17.25 6 7.8 8.5 2.68421 1.1 9.875 29.6667 1.625 2.58824 100 0.789474 14.5 0.529412 1.05263 7.58333 49 1.66667 4.47368 2.875 1.75 5.3 84 16.5 82 2.18182 3.7 33.3333 7.88889 7.8 23.6667 8.77778 0.888889 0.266667 5.8 4.9 8.6 15.6667 6.9 4 2.7 2.46667 2.53333 6.44444 0.235294 12.7143 6 50 99 6.22222 8.25 3.65 2.83333 1.21429 9 4.36842 6.6 5.28571 1.63158 3.6 14.1429 5.58333 3.4 56 
0.588235 4.46667 5.41176 12.3333 7.25 43.5 5.83333 4 10.5556 6 0.25 12.4286 1.375 7.27273 109603 4.16667 5.8125 3.52632 11.3333 5.41667 0.333333 5.33333 1.125 4.47368 3.5 5.75 6.9 16.1667 5.14286 5.83333 1.05556 2.3125 3.75 2.08333 7.88889 16.6667 2.9 1.35714 1.22222 5.3 2.1875 10.5 4.06667 3 7.83333 4.5625 5.4 6 2.55556 3.07143 29 24.5 3 12.6667 3.66667 2.94118 18.2 8.57143 5.33333 0.578947 2.08333 6.57143 9 0.411765 2.58824 20.3333 15.2 2.38462 0.666667 0.875 6.14286 42 7.57143 22.6667 4.73684 1.44444 6.66667 0.833333 92 5.5 0.2 6.25 0.1 1.8 7.16667 5.1875 9 0.777778 2.55556 0.25 14 0.733333 4.83333 3.29412 9.66667 4.625 9.66667 0.8125 5 2.82353 
0.923077 3.55556 6.875 0.947368 13.6 12 8.90909 5.84615 8.85714 7.625 0.05 15.5 4.29412 3.66667 2.36842 118246 44 1.8 17 95 4 2.33333 7 0.0769231 9.11111 24.5 3.71429 3.25 1.75 4.10526 29.5 3.8125 1.9 94 1.17647 2 9.66667 3.69231 5.54545 8.25 22 6.6 1.875 3.8 1 2.7 2 1 9.55556 20.75 6.33333 6.77778 5.5 3.33333 13.8571 4.8 23.5 2.2 4.3 2.57143 0.65 2.21429 11.1111 8.44444 4.94118 5.18182 4.10526 3.88889 1.26316 2.625 5.6875 5 6.6 10 6.85714 4.84211 7.69231 9.5 7.53846 5.21429 23 5.57143 2 4.75 4.6875 7.625 3.23529 1.83333 4.6875 9 16 5.66667 4.5 5 5.1 11.5 7.375 5.6875 67 0.181818 
0.555556 1 6.66667 6.85714 6 0.7 6.33333 4.07692 6.42857 1.27273 13 22 3.9375 5.71429 2.92308 3.66667 105192 0.1 3.42105 0.866667 6.75 7 0.181818 1.84615 10.125 7 3.7 3.61111 4.92857 4.11111 0.769231 12.3333 1.95 5.91667 3.07692 11.4286 18 7.09091 0.625 9 10.875 1.6 6 6.45455 6.1875 14.25 16.5 1.68421 2.36364 12.5 2.55556 7.33333 0.578947 2 24.6667 48 0.181818 4.14286 7.125 6.07692 5.18182 1 4.11111 34 4.875 2.66667 36 2.625 24 7.42857 1.15 4.85 39 5 0.2 2 5 1.21053 1.53846 56 3.5 0.7 14.1667 3.76471 4.5625 1.1 4.92857 2.75 6.8 6.2 41.5 1.625 10.6667 3.3 6.66667 9.85714 4.5 5.25 10.2222 92 
2.55 5.29412 8.2 0.75 19.6667 3.42857 66 8.63636 3.25 1.55556 5.46154 31.5 0.823529 44 6 31.5 11.75 117229 18.8 9.85714 0.307692 8.85714 34 8 2.84615 3.92308 4.64286 5.05556 4.55556 5.21053 6.07692 3.31579 5.75 5.4 9.33333 2.35714 1.5 20 11 7.45455 1.66667 16.6667 1.0625 3.5 19.6 0.263158 1.41176 1.47368 34.5 27.3333 2.93333 4.83333 1.16667 14.25 1.55 4.42105 5 22 2.58333 3.72727 1.5625 5.11765 33 70 6.75 1 6 46 1.75 6.53846 45 1.35294 5.88889 2.66667 23 5.6 1.11765 8 9.75 8.8 5.72727 4.25 7.30769 5.92857 2.38889 31 7 1.2 42 15.75 90 4.15385 39 1.4 1.58333 3.89474 1.89474 2.52632 6.125 5 
4.83333 10.1667 4.94118 6.25 0.857143 3.6 28.6667 1.5 1.6 1.94444 4 26.6667 10.4444 1.61111 3.58333 2.45 4.2 4.68421 106164 0.277778 6.58333 5.38462 1.33333 26.5 1.29412 70 4.33333 2.42857 0.4 9.6 9.33333 22.3333 5 1.05 10.6667 2.66667 10.8889 9 0.75 5 2.63158 2.4 4.2 5.15385 4.85 3.26667 1.90909 100 11.125 3.58824 4.9 9 8 23 11.5 4.5 17.75 3.18182 7.7 12.5 6.57143 7.63636 1.28571 1 4.10526 4.8 74 11.4286 0.0833333 58 9.9 3.47368 0.352941 6.625 71 10.8 4.375 3.16667 0.307692 6 0.307692 3.72222 2.13333 6.42857 5.46667 4.86667 2.2 2.07692 1.73684 1.35714 3.75 0.157895 0.9 3.6875 5.53333 4.83333 31.6667 9.2 6.33333 4.44444 
2.14286 6.3 31.5 2.76923 3.3 0.333333 3.75 6.14286 11.2 4 5.375 2.47059 4.0625 13.5 5 6 14.1667 4.07692 0.764706 109811 2.28571 12.2857 34.5 4.15385 4.9 6.66667 0.166667 24.25 10.8 0.6 6.06667 19.6667 0.0714286 12.8333 0.75 43 10.6667 3.42857 5.81818 5.46154 0.2 4.90909 3.6 39.5 6.875 26.6667 1.76471 6.30769 1.38889 24.5 54 4.94444 9.5 4.4 6.63636 2 7.28571 1.66667 31 3.33333 12 0.15 47 1.55 1 2.76471 4.94737 3.4 5.08333 8 10.3333 5.1 4.71429 7.14286 8.81818 0.333333 5.4 37.5 5.81818 2.88889 5.91667 8.83333 16.6667 10.25 7 5.5 5.5 1.15789 6 3.23077 1 4.61538 3.76923 10.6667 0.8 67 5.05882 0.526316 2.3125 10.2 
5.375 3 10 0.333333 0.823529 1.21053 1.6875 12.6667 2.33333 8.28571 8.25 1.69231 9.75 1.2 1.27273 3.25 4.28571 45 3.90909 25.3333 127117 2.27778 4.6 0.833333 1.36842 24 0.666667 4.2 20 5.10526 3.22222 67 8.85714 7 0.1 5.92308 0.5 3.07692 0.222222 7.66667 2.25 8.28571 0.473684 15.1667 5.75 5.07692 0.777778 0.578947 7.30769 1.33333 1.15789 3.41176 19.25 1.45 6.38462 4.7 3.61111 4.75 8.75 5.4 0.277778 6.18182 14.5 4.28571 17.6 4.4 3.75 4.70588 10.7778 0.666667 1.6 4.28571 5.17647 13.75 1.95 10.2857 7.85714 1.41176 37.5 16.5 0.166667 3.15 1.94118 16.6667 18 4.77778 6.77778 2.28571 2.22222 1.15385 1.66667 29.5 1.47368 25.6667 0.25 2.09091 0.666667 4.07692 11.6667 52 
2.88235 3.27273 0.4 6.85714 5.61538 5.11111 4 14.1429 2.33333 1.5 8.16667 12.3333 2.1 8.33333 10.8333 1.58333 0.166667 5.375 2.22222 22 3.31579 109201 2.46667 9.16667 2.22222 8.36364 6.4 0.15 5.6875 16 0.111111 3.8 4.57143 8.27273 3.88889 15 43 9.5 8.4 4.13333 1.375 2.35 13 4.25 3.47368 3.47059 2.33333 5.21053 2 21.75 18.75 5.13333 8.33333 5.42857 1.21429 45 23 5.58333 2.26667 7.66667 4 9.6 5.11111 1.70588 17.5 12 4 7.33333 1.71429 0.6 4.84615 4 1.92857 2.83333 10.6667 13.6667 4.36364 6.91667 10.875 21.5 0.538462 30.5 0.25 8 4.875 4.55 11 15.4 8.4 22 4 12.5 8.25 2.33333 27.6667 0.25 10 1.53333 5.55556 5.84615 
5.52941 8 1.46154 7 4.625 7.75 1.66667 16.5 3.16667 10.6667 2.33333 10 6.83333 2.66667 5.91667 6.3 0.538462 5.25 2.25 1.90909 3.88889 3 126581 9.66667 3.7 5.85714 4 1.46154 43.5 51 1.41667 7.08333 4.89474 15 9.4 1.46154 85 2 6.75 0.684211 7 6.8 9.7 8.22222 20.5 12.6 2.33333 8.08333 12.8 2.76923 8.44444 2.625 4.55 27.5 1.44444 1.3 72 2.77778 0.333333 45 3.2 2.90909 1.66667 2.71429 0.6 44 12.75 0.4375 75 9.5 7.7 5.5 5.16667 7.25 7.5 2.85714 10.8571 3.33333 4.0625 5.25 8.83333 3.75 0.266667 0.75 0.142857 6.18182 10.1111 6.875 8.72727 25 2.1 3.6 39 10.5 5 5.5625 12 0.142857 3.28571 3.625 
99 1.70588 2.90909 0.4 13.3333 4.875 7.72727 14.1429 3.16667 2.15 16.5 3.4 8.55556 2.42857 6.25 1.38462 0.538462 2.55 27 16.2 4.05882 1 1.92857 130712 10.8571 11 7.58333 1.58824 67 1.45 1.9 17.75 2.88235 11.1111 4 15.2 29 0.25 1.25 17.75 2.75 10.5 5.16667 6.91667 0.142857 8 10.4444 13.8 2.84615 1.875 2.9375 4.15 15.3333 1.16667 3.33333 3.7 4.05 26 0.8 1.35294 39 4.41176 32.3333 0.666667 4.93333 8.6 1.42857 20 31 0.2 3.53846 0.583333 14 3.5625 1.92308 2.53846 1.27778 5.82353 8.36364 5.81818 17 12.8571 4.2 41 2.6 6.375 3 4.55 15.5 22.5 0.4 15.5 4.25 5.55556 3.2 2.27778 9 4.375 3.86667 29 
8.25 7.66667 2.35294 2.33333 9 1.33333 0.0526316 0.3 93 3.75 3.75 0.777778 4.125 7.5 3.33333 5.875 6.2 10.5 0.0909091 1 13 30.5 5 9.4 114625 11 3.81818 19.5 1.29412 6.92857 3.23529 4.11765 23 0.444444 9.66667 20.5 4 6.1875 6.77778 9.44444 16.25 7.875 3.58333 10.4444 3.375 4.13333 2.45455 0.3 2 5.52941 4.33333 16.2 0.444444 2.14286 12.375 6.33333 1.71429 0.461538 3.36364 30.5 87 3.18182 3.85 6.5 4 2.94444 8 1.75 11 44 43.5 1 13.4 9 2.90909 3.6 4 5.5 12.4 6.2 3.46667 4.55 1.88889 15.8 77 4.5 6.91667 11.25 1.5 3.36842 0.6 0.888889 1.5 1.6875 0.111111 0.9375 4.8 1.86667 5.66667 5.41667 
1.38889 33 20 3.57895 4.2 4.2 5.70588 2.42857 6.23077 0.588235 4.65 1.93333 9.57143 49 0.555556 20.5 1.36842 5.76471 6 3.125 3.41176 2.85 4.25 1.375 2.27273 120906 1.2 3.55 3.3 3.94444 0.166667 16 3.52632 5 6.4 5.2 0.0666667 5.33333 3.75 10 2.42857 4.22222 3.13333 5.90909 0.882353 24.5 2.25 38 9.16667 2.30769 9.6 5.46154 4.94444 16.8 2.71429 1.94737 4.2 7.44444 3.14286 4.44444 37 7.4 1.88889 24 32.6667 3.82353 6.85714 18 7.66667 3.72727 3.71429 3 0.555556 10.25 57 4 4.73333 14.5 0.789474 5.375 5 21.3333 100 30.6667 14 1.2 24 4.15789 6.5 1.82353 5.125 6.4 16 19.4 2 6.88889 1.73684 51 3.38889 4 
4.84211 4.0625 10.2 5.3125 4.75 6 1.71429 4.5 1.5 12.2 4.66667 16.2 5.55556 4.75 7.71429 3.26667 4.92308 13 8.27273 2.35294 0.615385 2.27778 6.06667 4.4375 4.78947 4.36364 121149 7.14286 3.8 2.41667 0.75 3.27273 5.25 10 7.38462 0.5 34.5 1.15 32 4.73333 0.823529 3.47368 12.8571 4.3 1.8 2.23529 3.22222 4.47059 8.5 6.76923 13.6667 0.5 0.375 18.5 10.6667 3.5 89 29 1.33333 45 3.4 3.66667 1.33333 3 1.83333 4.95 4.7 28 3.64286 6.69231 2.75 7.71429 33 0.909091 24.75 86 1.53333 12 26 4.125 3 9.33333 1.94118 7.23077 4.21053 7.625 5.83333 4.0625 5.7 4.33333 4.75 5.69231 4.85714 5.5625 0.368421 4.8 2.5 4.5 2.45455 11.8571 
16 5.25 6.5 0.666667 18.6 5.2 1.8 3.69231 14.1429 5.2 1.78947 3.33333 5.5 10.6667 5.69231 5 18.6 7.91667 9.7 15 18.8 2.18182 9.71429 13 1.35714 48.5 4.78571 125876 3.88235 9 0.857143 4 14.5 5.4 0.117647 3.33333 4.55556 16 30 42 6.81818 8.28571 5.375 9.33333 21.5 4.33333 93 2.88889 7.6 10.5 0.2 10.7143 3 9.33333 10.7778 11 2.66667 1.5 1.85714 3.5 2.94737 5.70588 6.5 5.33333 2.47059 2 2.72222 31 0.8 23 6.42857 1.64706 5.2 1.42105 1.09091 4.16667 0.333333 17.5 1.46154 2.57143 3 12.3333 3.7 7.4 7.54545 46.5 18.4 5.75 6.46154 5.22222 5.45455 4.42857 4.57143 3 13 6.85714 13 36.5 0.5 8.875 
3.17647 2.1 2.22222 5.06667 17 14.8 1.78571 3.5 4.14286 16.5 0.75 7.4 5.2 2.5 6.77778 8.5 4.29412 0.133333 1.92857 3.76923 3.14286 9 1.78947 5.41176 4.35714 1.91667 2.91667 4.57895 107292 18 1.75 0.6 1.11111 8.33333 4.76923 16 1.2 1.4375 42.5 14.1667 12.375 5.4 2.2 3.72222 4.11111 1.42857 13.6667 0.894737 3.47059 9.6 4 4.0625 38 0.4 5.25 2.57143 6.09091 85 3.73684 64 2.66667 1.53846 8.5 1.33333 2.5 4.6 1.36364 1.5 1.88889 4.45455 1.25 0.4 5.82353 2.53333 4.66667 2.85714 45 4.55556 4.75 5.91667 1.45455 2.35 1.05 3.9375 17 4.89474 23.3333 5.76471 10.1667 36 4.625 0.25 5 17.5 1.77778 3.86667 6.66667 6.2 3.64286 4.8 
1.625 1.41667 0.785714 4.27273 4.2 4.15789 24.75 9.33333 4.85 13.8 6.08333 11.875 5.82353 14.1667 9 50 2.25 5.3 9.6 2.75 11.2857 9.5 19.3333 4.94118 4.4 3 1.27778 2 1.05263 105231 3.76923 7.125 6.6 3 100 6.4 7.5 4.63158 1 11.25 5.21429 8 1 1.5 0.823529 5.06667 3.35 6 6.5 5.84615 23.6667 4.61538 8 0.714286 28.3333 0.444444 3 6.22222 18.3333 30 30 0.8 4.6875 2.5 4.9 2.5 5.18182 7 21 5.76471 1.84615 4.26667 13.6667 3 9.7 4.58824 3.6 0.25 9.66667 25.5 2.81818 7.5 0.333333 3.6 2.84615 3.76471 5.26316 23.5 0.5 8.85714 3.1875 3.66667 8.875 3.86667 8.09091 3.23529 4.5 0.9375 2.7 6 
1.35714 5 71 68 2 2.66667 22 2.0625 7.91667 5.3125 2.33333 9.5 96 10.8333 2.09091 4.94444 2 1.63636 21.5 2.13333 2.57143 5.71429 1.45455 0.666667 7.81818 9.14286 24.5 0.4 8.71429 9.125 115189 4.33333 22.3333 5 18.6 0.157895 2.85714 9.8 7.8 3.28571 2.875 1.25 7.45455 3 74 13.4 5.77778 24 4 14.6667 6.38462 46 6.5 10.5714 7.63636 5.46154 11.1667 0.5 3.66667 19.75 88 26 5 1.54545 40 2.1 2.44444 8.90909 3.2 0.352941 14.8 4.78571 1.23529 7 2.25 0.4 3.58824 0.0555556 0.7 6.61538 4.52632 3 12 2.53333 95 0.1 7.5 4.38889 0.111111 1.52632 5.3125 0.823529 0.272727 3.05556 17.6667 5.36364 2.21053 9.625 5.26316 10.4 
5.16667 5.22222 2.66667 3.9 4.75 21.25 4.8 49 48.5 5.15789 5.11111 3.55556 22.3333 0.583333 1.9 11 5.375 0.857143 0.375 4 0.666667 1.52632 2.5625 2.35714 2.66667 4.85 7.7 2.73333 13.4 46 7 108085 3.875 4.6 6.4 14.4 3.05556 1.11111 4.6 16.2 5.64286 9.125 25 3.76471 5.06667 4.8 22 5.33333 86 3.05 2.38462 6.18182 0.466667 0.833333 7.6 30.6667 0.454545 1.5 3.42105 5.5 4 8.85714 15.5 4.46667 2.05556 2.66667 0.4375 4.16667 8 12.8 12.1667 5.5 0.166667 15 3.06667 2.0625 2.66667 12.8333 30.6667 8.81818 4.21429 1.66667 5.05556 1.77778 4.76923 10.5 4 0.375 11.2857 0.15 4.23077 2.11111 2.33333 9 7.5 2.05882 2.5 73 1.86667 7.8 
3.5 1.73333 10.75 6.13333 5.58824 10.1667 20.6667 3.45455 5.38889 1.18182 5.57143 2.85714 0.538462 8.45455 4.16667 0.555556 7.63636 2.2 6 1.4 15.5 6 4.8125 8 2 2.06667 3.47368 4.66667 2.27273 5.07692 26.6667 4.93333 110899 7.91667 3.5 1.14286 20.3333 1.13333 18.6667 2 8.72727 0.9 12 2.66667 11.8 14.5 4.7 1.5 19.75 3.55556 1.15 16 48 3.66667 9.5 2.71429 4.21053 1.53333 3.83333 3.16667 9.25 1.57143 3.71429 28.5 12.75 10.8889 12.3333 3.4 3.28571 2.7 5.3 9.75 33 2.5 11.75 3.8 0.583333 4.9375 3.8 0.666667 4.26667 4.4375 2.47059 14.1667 5.125 0.625 14 5.44444 6.53333 3 1.10526 11 0.5 9.3 0.15 11.25 5.53846 3.72727 4.68421 40.5 
1.07692 95 7.5 6.1875 3.18182 0.75 4.5 5.55556 81 3.94737 6.64286 0.85 32 5.78571 1.07143 7.16667 5 15.3333 1.09091 1.66667 11.125 4.33333 0.8 5.38462 3.72727 2.6 95 5.53333 1.0625 7.23077 2.58333 69 4.2 127115 17.25 30 8.18182 5.57143 1.6875 11.8333 3.33333 6.125 0.5 6.35714 8 17.4 7.07143 3.71429 4 84 15.6667 1.13333 18.8 10.2222 3.875 22 26.6667 19 3.23077 19.2 1.63158 6.4 1.375 3.11111 5.28571 3.70588 18 12.75 8.83333 3.7 42 5.13333 18.75 2.5 7.16667 0.55 6.4 6.38462 3.69231 24 9 5 1.53333 25 6.21429 18.5 4.69231 5.26316 9.5 2.75 6.25 2.2 6.33333 0.230769 1.77778 8.625 1 10.7143 3.66667 47 
70 5.3125 1.55556 4.92857 30.5 6.63636 53 1.33333 3.15 9.5 5.11111 0.533333 6.92857 5.61538 8.33333 6.3 18.25 0.294118 7.33333 0.333333 5.29412 7.44444 12.125 2.23529 4.52941 3 11.6667 5 3.86667 6.84615 10.125 3.64286 5.0625 9.5 116929 4.06667 39 9.5 27 5 5.78571 6.2 8.2 12.375 2.55556 4.95 0.7 6 5 0.45 14.1429 2.92308 0.85 2.58824 6.06667 14 14.5 9.4 2.85714 4.35294 28.6667 10.5556 2.8125 4 2 40 8.75 10.8571 4.84615 8 8.33333 2.1 0.0526316 2.92308 10.2857 4.25 30.5 57 25 6.23077 1.78947 75 2.13333 4.18182 12.125 3.6 0.777778 5.73333 23.25 2 2 5.08333 7.42857 4.33333 10.75 1.28571 21.3333 4.5 5.38889 18.8 
2.6 2.44444 1.1 5.7 14.3333 2.85714 4.94444 2.8 4.27778 8.27273 3.11111 4.77778 6.4 4.38889 6.42857 4.07143 3.73684 3.82353 7.61538 5 4.33333 7 4 4.75 0.923077 2.25 13.6667 4.58333 0.625 12.3333 4.93333 6.92308 4.3 5.44444 7 116209 4.83333 6.33333 11 42 4.77778 3.8125 9.25 8.5 2.57143 10 12 15.4 9 1.13333 4.33333 4.30769 47 5.33333 5 9.71429 6.69231 0.714286 3.63158 0.230769 15 18 5.25 18.5 2.625 3.5 3.33333 15.25 4.73684 4 6.7 1.4375 2.38889 0.470588 1.85714 2.33333 82 0.625 1 4.3 6.5 6.41667 22.75 0.933333 20.6667 3.63636 2.25 4 5.06667 1.11111 0.235294 5.66667 2.66667 14.75 11.5714 17.5 3.6 2.23077 8.2 7.5 
5.66667 5.5 8.4 17.3333 46.5 21 7.83333 9.83333 4.33333 23.6667 30 5.6 4.5 5.25 4.21053 0.1 4.6 3 3.4 19 3.58333 2.75 0.5 16.3333 3 4.6875 5 4.125 31.6667 1.05556 5.1875 3.5625 15.5 67 13.8333 2.14286 114915 0.125 7.75 4.36842 3.75 17.5 0.785714 10.8 0.454545 4.26667 9 4.35294 1.92857 3.94737 14.1667 9.88889 7.42857 15.75 74 4.77778 11.6 3.42857 30.5 0.611111 4.06667 10.5556 1.75 11 24 31 1.2 8.8 7.16667 2.55556 8.42857 0.941176 3.35 6.71429 5.23077 50 6.13333 8.2 2.57895 12 9.8 12 18.5 15 9.66667 0.0769231 48 2.77778 1.53846 8.18182 27 30 11 3.9375 1.64286 0.307692 18.5 1.25 4.94118 13.5 
78 2.93333 5.9 2.47368 3.58333 5.1875 2.61111 14.1667 1.25 1.88889 4.11765 10.6667 3.6 1.64706 2.31579 5.33333 0.538462 7.875 11.4 4.33333 6.125 1.46667 7.33333 18.2 11.8 4.2 4 31.6667 3.26316 5.5625 2.16667 11 3.76471 3.5 53 6.76923 1.54545 107925 20 26.5 1.16667 6 5.07143 2 9.5 1 43 3.68421 8.8 4.6875 12.8333 6 8.27273 51 10.2 0.625 5 10.25 8 3.30769 1.2 1.2 1.5 4.26667 6.33333 13.3333 10.3333 14.2 1.88235 2.3125 49 2.875 5.5625 3 1.4 5.36364 0.111111 4.17647 3.26667 0.1 6.88889 34 0.588235 5 46 2.5 4.73333 3.38462 4.64706 3.92857 5.72727 7.125 8.25 0.555556 1.35 6.09091 4.95 5.71429 1.25 7.55556 
0.363636 1.05 6.38462 36.5 5 7.75 3.46154 2.875 2.375 5 5.83333 12 2 3.07692 4.25 2.72727 3.71429 3.45 0.666667 5.5 4.81818 4.8 10.6 2.08333 24.25 30 48 2.05882 1.45 0.75 1.35294 6.58333 13.8 4 55 4.5 6.75 4.4 106092 5.05263 3.66667 5.17647 3.14286 0.4 8.36364 18.5 0.714286 3.26316 7.8 5.66667 4.47368 2.2 6.2 3.53333 3.75 5.47059 41 9 7.5 0.222222 0.7 26 1.1875 43 11.2857 3.25 2.27778 9 43.5 4.07692 12.3333 4.30769 2.38889 0.789474 4.41176 3.90909 1 2.07692 2.83333 8.22222 4.47368 6.42857 4.45 10.8571 21 17.25 26.3333 4.21053 9 8.5 32.3333 0.416667 9 1.27778 2.14286 11.375 11 1.3125 7.07143 3.5 
20 5.46667 1.53846 4.64286 18.4 4.21053 1.16667 2.375 2.73684 2 0.529412 5.05556 8.81818 3.38889 5 5.64706 7.45455 1 1 3.38462 3.4 3.77778 8.14286 14 1.41176 4.41176 4.65 0.571429 4.6 7.88889 7.25 0.25 7 46 16.5 13.25 0.75 2.45455 2 101824 4.18182 5.85714 2.85714 2.82353 6.61538 4.16667 94 22.6667 0.941176 67 1.375 4.29412 4.4 6.33333 1 3.45455 9.25 4.93333 2.07143 6.3 93 3.53333 59 1.3 0.133333 5.28571 1.66667 4.2 65 35 8.8 8.28571 4.52941 4.11111 13.8 6.46667 33 5.66667 2.31579 1.07692 4.25 3 97 3.33333 23 2.54545 0.384615 1.9 5.53846 0.5 2.07692 49 6.09091 14 3.33333 31.3333 5.125 3.26316 4.9 15.4 
2.66667 3.1875 1.31579 15.2 4.45 6.1 0.222222 6 21 9.85714 8.16667 4 4.75 6.7 4.125 5.75 5.625 3.52632 4.23529 3.57143 2.66667 3.17647 2.625 4.15 20.75 9.2 4.2 49.5 28 12.5 1.4 7 2 1.2 4.6875 12.6667 9 5.25 0.615385 0.142857 128734 1.0625 0.916667 0.857143 45 0.875 3.30769 7.41667 2.77778 2.85714 13.75 5.4 6.66667 13.4 9.57143 5.6 1.3 7.8 4.47059 15.1667 67 7.3 10.6667 1 10.2 19 34 1.16667 76 1.44444 5.81818 24 6.38462 0.6 4.33333 3.66667 2.83333 2.13333 15 4.66667 63 21.25 5.21429 0.85 9.9 2.92308 0.421053 3.9 26.6667 7.69231 1.61111 3 6.64286 2 5.07692 21.5 7.07143 9.125 5.26316 5.06667 
6.33333 6.38462 9.22222 65 60 0.375 1.66667 20 11.3333 0.1 28.5 8.33333 4.05263 7.8 4.69231 1.66667 2.33333 16.5 0.230769 8.42857 6.92857 3.53333 2.85714 4.55556 2 5.22222 4.61111 1.3 4.46667 3.5 3.4 0.4 9.2 6 8.33333 1.25 7.09091 6.1 2 37 13.4286 105967 7.22222 6.66667 4.95 15.2 6.71429 4.16667 2.17647 5.11111 6.16667 3.26316 4.35714 6.71429 0.833333 18.2 4.875 1.21429 2 3.88889 12.5 11 6.61538 9.125 9.09091 2.26667 1.5 5.22222 13.8 11.25 0.5 2.58824 2.64706 3 4.52632 2.69231 1.8 8 7.16667 3.33333 1.5 5 1.33333 6.15385 9.55556 4.91667 91 3.9 7.5 0.833333 0.833333 6.33333 1.26667 3.75 6.38462 6.42857 21 5.10526 5.6 17.6667 
6.46154 18.8 5.76923 12.25 6.66667 3 9.9 30.6667 58 31.3333 6.33333 4.11111 0.25 6.46667 0.842105 5.76923 15 6.66667 16 14.5 6.6 5.82353 7.71429 6.15385 5.88235 0.5625 2.88889 2.83333 13.2857 5.33333 31.3333 3.3 2.63636 3.75 0.4 9 2.6 4.09091 3.35 7.83333 4.72727 7.57143 130835 0.8 17.3333 2.05882 16.75 2.22222 7.90909 1.72222 1.8 5.83333 3.75 3.61538 0.285714 10.3333 2.66667 9.33333 2.88889 1.15385 3.15789 1.5 1.5 3.42857 3.61538 6.21429 12.4 2.15 5.06667 3.45 2.4 3.63636 3.29412 1.77778 6.69231 4.2 5.27273 1.94118 17 8.25 3.70588 9.25 2.35714 5.25 11.8333 3.28571 5.8 5.14286 7.9 0.65 9 5.54545 5.66667 88 0.166667 6.75 11.8571 4.07143 2.66667 5.26667 
6 1.44444 9.77778 1.41176 4.54545 4.41176 0.0769231 4.38889 5 23 7.5 1.06667 4.33333 0.65 2 6.66667 4.66667 1.86667 13.8333 4.63158 1.07692 32 4.61111 1.75 4.625 7.25 14 4.42857 5.14286 2.05882 1.2 3.66667 1 3.42857 32 0.3 5 1.8125 80 1.5 5.53333 12.125 7.55556 111835 3.78571 0.923077 2 4.9 5.5 6.6 15.3333 13 8.28571 8 4.55556 7 15.5 1.94118 1.28571 5.5 16.6667 5.05263 1.6 2.3125 11.6667 5.35714 23 1.8 2.5 18.3333 11.5 36 0.5 2.47368 10.3333 6 5.46667 4.6875 5.5 81 6.90909 6.53333 63 0.4 5.11111 5.5625 5.8 16 0.2 2.70588 8.77778 6.8 4.875 17.25 5.66667 12.8 4.8 11.6 3.05263 2.77778 
6 0.529412 2.90909 26 85 1.82353 0.333333 46.5 9.1 10.6667 14.25 4.7 12.5 4.66667 2.5 6 12 4.6 11.25 6.35714 0.277778 12.25 7 0.315789 4.4 1 5 43.5 5.75 4.5625 5.42857 2.5 2.42857 3.78571 4.77778 3.08333 5.42857 4.75 3.85 40 6.6 15.1667 0.928571 7.53846 108665 3.4 1.33333 6.5 6.5 14.1667 4.84615 2.42857 9.71429 5 12.2857 7.23077 3.6 6.5 4.6 0.388889 8.8 2 11.6667 0.842105 2.77778 1.57895 1 3.89474 2.5 9.375 1.5 6.66667 6 7.33333 42 10.7143 14.5 66 28.3333 4.10526 2.90909 6.0625 26.6667 19.5 6.35714 4.52632 2 6.06667 7.30769 5.14286 1.82353 0.0555556 0.416667 19 8.42857 2.66667 1.75 10.625 6.66667 2.28571 
6.90909 14.3333 5 6.30769 3.38889 2.46154 4.1 6 22.5 6.33333 4.88889 3.16667 5.0625 8 8.71429 2.85714 11.875 4.92308 17 22 57 3.66667 58 7.3 26.6667 4.4 1.5625 9 6.25 4.81818 2.375 5.375 5.4 3.61538 5.35714 23 3.85 3 4.85714 11.6 1.66667 2.26316 7 0.888889 1.84211 132673 1 0.916667 2.66667 3.4 7.5 4.35714 0.5 3.83333 2.95 1.6 7.3 1.85714 15.5 4.78571 1.81818 1.65 0.928571 7.25 32.5 18.8 47 3.76923 5.70588 5.22222 0.466667 12 10.4444 6.55556 2.16667 0.375 0.166667 4.47059 0.333333 4.31579 11 42 7.8 7.69231 5.54545 93 1.33333 30 78 0.538462 23.25 2 59 3.52941 11.25 2.52941 0.823529 6.78571 7.27273 2.83333 
2.78571 9.4 0.181818 2.52941 7.22222 30.5 11.25 2 9.14286 1.3 8.6 9.25 0.6 23 10.1667 5.375 2.4 5.11111 2.63158 0.3 7.66667 1.09091 16.6 6.75 48 0.888889 3.73333 9 3.11765 3 4.9 18.6667 0.882353 1.25 4.5 6.84615 4.75 2.75 5.05556 4.16667 0.846154 13 3.15789 0.75 8.4 4.5 131091 0.25 3.77778 1.25 3.8 4.63158 5.76923 2.35294 4.33333 1.8 12.1667 2.75 6.5 6.66667 23 23 4.47368 4.53846 7.61538 17 4.64706 3.81818 2.57143 24 0.647059 0.5 3 17 7.25 5 1.95 4 1.05 2.09091 2.45 7.25 5.84615 7.5 2.77778 5.25 0.4 4.77778 13 4.875 40.5 5.17647 42 6.08333 4.5 3.55556 8.625 9.66667 1.10526 3.9 
0.571429 2.11765 4 0.555556 1.33333 0.736842 19.2 3.76471 1.41176 1 13 0.4 6.38462 75 18 4.7 6.61538 11.6667 0.615385 5.11765 5.2 2.5 1.35 1.91667 3.55556 0.294118 5.875 2.5 1.35294 45 6.5 7.55556 1.94118 2.66667 5.30769 2.27778 7.09091 8 0.6 9.33333 3.94444 2 1.8 7.66667 0.666667 6.25 1.47368 102522 8.6 6.30769 17.2 3.42857 5 3.45455 7.91667 2.63636 17 3.16667 5.25 1 4.61111 3.6875 2.7 3.25 5 0.846154 2.38889 1 9.7 30 5.8125 6.8 4.17647 32 15 6.92308 5 6.5 5.44444 0.65 7.625 5.5 1 22 5.3125 12 3.875 1.75 44.5 7.66667 9.7 1.625 4.85 7.3 5.15385 4.27273 23.25 9 4.6 1.81818 
7.30769 5.61538 7 32 7 1.2 2.55556 28 6.85714 2.36842 5.71429 2.38462 5.1875 8 2.16667 3.33333 30 1.5 0.684211 6.4 9.33333 5.2 1 3.75 0.875 2.42857 1.88889 16.5 4.15 2.375 19 16.6667 1.09091 5.6 3.33333 0.125 4.53846 10.125 0.4375 9.5 6.4 8.66667 1.75 13.1667 2.75 4.47059 3.05556 0.0588235 122804 7.33333 0.85 84 11.6 3.15789 2.3125 8 6 3.72222 0.4 4.08333 5.11765 0.875 5.76471 4 5 1.09091 0.75 2.10526 3.2 4.85714 5.5 22 14 23 7.66667 44 3.4 1.45 28.3333 5.83333 4.25 12.5 9.85714 4.75 8.7 7.5 2.94118 1.22222 47.5 10 3.125 3.66667 4.66667 0.625 5 3.47059 13.5 2.125 4.33333 5.35294 
5.85714 5.66667 8.25 1.0625 3.0625 1.31579 63 0.631579 6 2.55 1.11111 0.35 10.7143 9.14286 4.9375 3.5 46.5 2.88235 5.7 2 0.882353 3.88889 6.77778 6.75 1.70588 4.65 8.9 2.1875 10.5714 0.65 0.470588 2.42857 1.75 2.125 43 2.8 96 2.71429 3.46667 4.46667 2.125 9.66667 1.6875 4.71429 43 5.5 6.72727 5.75 1.72222 126037 6.75 2.125 0.4 3.70588 1.1 0.15 5.375 1 0.4 2.8 32 4 4.33333 1.42105 4.69231 12.7143 1.375 4.94737 49.5 0.95 4.38462 1.06667 1 0.866667 14.5 3.45 2.47368 1.14286 5.3 7.07692 10.3333 2.5 2.27778 8.85714 3.5 10 13.7143 2.88889 35.5 4.07692 100 2.91667 0.588235 5.23077 5 6.33333 3 4.84211 14 4.22222 
5.8 6.625 28.3333 8.72727 6.46667 11.5 0.866667 5.58333 1.17647 9.5 0.466667 6.25 2.52941 4.35294 1 2.81818 0.142857 27.6667 5 3.52632 9.25 31.3333 20.75 1.26667 0.0526316 1.85 4.44444 14 3.3 3.625 0.777778 12 7 0.642857 3.42857 7.91667 13.7143 0.176471 5 5.5 11 4.14286 1.64286 12.125 3 13 1.66667 7.27273 8.5 2.2 105781 4.15789 4.11765 33 1.46667 4.5625 7.54545 35 2.73684 0.0769231 4.36364 2.64286 4.38462 1.7 2.73684 2.57143 2.83333 8.45455 6.5 1.875 4.25 7 6.15385 8.77778 5.9375 2 1.71429 9 17 16 14 0.684211 4.14286 43 5.8 3.52941 5.4 3.25 4.18182 0.411765 29.6667 16 5.33333 2.4 80 1.53846 2 0.666667 1.5 4.625 
2.92857 1.75 45 8.71429 10 6.5 5.26667 1.6875 2.5 1.09091 6.23077 5.45455 5 5.5 65 0.545455 0.6 1.41176 40.5 29.5 6.66667 3.11111 10.8889 34 8.75 3.08333 24 3.31579 77 10.3333 4.66667 3.57143 7.5 4.77778 13.5 2.6 3.66667 3.92857 11.1429 8 6.81818 2.61538 5 3.6875 8.9 21 4 5.6875 3.6 6.66667 0.333333 113066 16 0.555556 1.4 6 0.611111 9.25 9.7 14.5 0.666667 5.22222 8.25 2.86667 0.1 0.222222 1.5625 10 5.4 0.166667 1 4.07143 14 6 5.5 1.5 9.28571 1.38462 2.22222 6.77778 2.55556 1.5 21.5 3.36364 6.30769 5.21053 8.08333 2.75 14.75 12.6667 7.125 3.75 12.2857 8.33333 4.05882 10.625 0.823529 0.777778 2.92308 1.35714 
10.5714 10.7143 3.57143 2.28571 5.83333 3.23529 6.66667 2.84615 0.166667 1.52632 10.125 2 1.66667 13 7 5.4 0.736842 13 0.35 10.8571 5.15789 18.75 1.82353 7.25 0.789474 10.8571 5.875 1.4 3.4 4 39 3 55 6.88889 8.4 7.7 5.53333 1.5625 4.13333 4.25 3.84615 3.77778 4.63158 12.1429 4.72222 4.6875 0.722222 3.73684 4.41667 2.81818 1.875 7.83333 101516 7 2.8 6 1.08333 3.44444 22 1.1 5.72727 0.666667 4 3.57143 2.05882 5.21053 16.1667 1.15385 2.21053 4 5.14286 2.63636 1.0625 3.15789 3.6 0.8125 6.2 2.44444 12.25 10.6667 4.46667 6.11111 1.16667 20 6.8 2.625 6.81818 6.7 3.33333 3.63636 10.6667 4 28.3333 3.8125 18.3333 4.85714 5.26667 16.2 0.222222 2.70588 
2.57143 8.27273 30.3333 3.16667 6.41667 0.0909091 3.75 5.07692 3.1875 2.83333 5 7.25 26 4.9375 5.375 1.52941 5.5 17 16.6667 6 4.9 30 8.3 3.36364 3.8 3.11111 29.5 7.07692 12 11.5 0.277778 0.571429 6.28571 5.83333 15 0.875 12 2.5 1.28571 7.33333 1.13333 2.17647 0.875 6.66667 3.89474 0.0588235 7.72727 89 25 1.94118 4.58824 3.83333 2.85714 129429 5.22222 5.42857 0.45 0.214286 0.4 9.5 8.875 1.5 5.85714 3.6 12 4 11.1667 3.7 2.69231 7.9 2.16667 1.9375 0.8 2.5 2.75 10.8889 3.8 6 1.64286 3.4 4.45 2.8 7.33333 2.44444 2.78571 2.27778 4.16667 8 6.55556 3.2 73 1.5 8.5 4.81818 5.25 7.33333 2.84615 2.25 3.64286 5.16667 
6.45455 77 1.26316 7.08333 1.33333 15.1667 1.25 2.88889 5.83333 8.66667 2.77778 3.88235 14.2857 1.25 2.52632 4.07692 3.29412 8 0.333333 3.83333 7.09091 4.94737 1.4 6.11111 51 16.6 3 8 2.71429 1.8125 54 14.5 1 15.6 2.92857 9.125 55 9.44444 1.15 2.27273 2.33333 21.6667 14.8333 3 5.64706 9.8 2.5 5.86667 7.375 2 1 8.5 9.55556 24.5 110872 0.142857 4.07143 1.66667 3.26667 16.1667 17.75 96 3.11111 2.9 4.06667 11.125 1.2 7 6.69231 3.70588 24.5 5.83333 10.5714 4.33333 8.25 1.76471 5.33333 12.5 8 10.4286 0.9375 6.5 2.08333 3.6 1.36364 4.41667 37 5.875 1.42105 5.33333 10.625 10.8 8 1.83333 5.58824 9 18.8 2.33333 4.3 0.25 
17.3333 7 4.8 4.11765 5.05882 4.94444 10.5 16.5 4 1 9.8 4.33333 4.90909 3.63636 60 2.42857 4.5 5.66667 25 5.84615 4.33333 6.71429 0.666667 2.68421 10.5714 1.66667 5.75 3.9 9.83333 12 6.66667 12.8571 2.75 1.8 8 1.5 21.5 13.1667 35.5 10.1111 3.5625 5 2.5 6.63636 3.71429 4.5 6.22222 5.66667 4.625 3.21053 4.66667 3 0.125 0.923077 5.18182 101229 14.8 10 2.6 5.63636 7.66667 10.8571 3.125 5.46667 4.86667 9.09091 5.53333 2.16667 6.6 41 3.83333 6 2.76923 1.22222 24.25 3.5 3.27273 7.11111 49.5 5.52941 14.1667 5.57143 1.05263 60 4.75 2.5 2.125 30 0.6 39 0.235294 2 4.2 20 7.15385 63 12.8571 32.5 3.77778 4.47368 
13.5 0.444444 3.2 7.16667 5.2 4.5 15.3333 4.5 4.25 36 0.5 6.90909 12 1.85714 12 5.625 5.22222 23.5 8.75 10.2857 5.09091 4.125 2.22222 3.88889 5 8.5 1.05556 2.9 0.888889 4.41176 2.82353 4.16667 6.57143 2.68421 2.84615 8.55556 4.77778 1.4 5.27273 3.70588 6.66667 0.15 3.15385 25 9.66667 9.75 25.5 3.66667 8.25 9 22.6667 0.3125 1.4 4.54545 6.55556 1.41176 110462 2.66667 2.5 2.68421 2.3125 10 13.3333 2 15.4 9 6.28571 13.3333 3.10526 5.6 12.5 13.8333 5.35294 3.375 1.64286 2 2.58333 4.07143 3.11111 43 5.375 4.22222 14.5 9.5 13.6667 7 8.71429 9.5 2 5.66667 0.444444 3 2.72727 5.27778 5.07143 30 34.5 5 19.5 4.9 
6.5 5.9375 5.25 2.64706 11 5.41667 33 49 5.30769 13.6667 0.333333 4.875 5.27778 4.78947 5.5 5.6875 4.73684 10.7143 7 3.10526 8.81818 2.6 2.16667 23 5.35294 80 4.91667 6 12 9.625 2.15789 28.6667 5.16667 5 76 1.58333 17.5 24.75 5.21429 2.5 68 7.33333 4.47059 3.9 2.83333 6.33333 15.4 2.81818 4.18182 4.5 3.21429 5.2 8.5 1.47368 13 15.25 13.7143 117699 2.72727 3.63636 2.42105 2.625 4.38889 22 2.15 2.73333 4.71429 3.55 2.10526 47 2.55556 2.28571 8.875 13.25 4.8 6.125 0.666667 3.77778 16 0.533333 6.58333 3.92857 5.22222 6.25 0.125 6 6.14286 4.73333 10.75 3.14286 0.25 0.333333 3.95 5.6 4.9 12.25 13.5 10.625 9.6 6.5 
15.8 4.9375 7.28571 7.71429 22 0.642857 8.4 7.07692 9.66667 22.5 11.5714 7.5 4.82353 7 0.833333 2.17647 23 5.10526 4.36842 2.31579 3.8 6.64286 7 2.58824 4.55 13.5 4.125 3.73684 3 0.222222 19.4 8.5 17.5 5.41176 0.578947 9.09091 1.1 2.1 3.15385 0.944444 31 1.27778 6.75 6.27273 14.1429 6.2 0.263158 50 11.125 5.7 0.941176 0.833333 15.8333 16.1667 28.6667 17.75 3.33333 50 115936 6.09091 11.25 12.4 3.3 43 2.05263 5 17.6667 1.44444 5 4.86667 1.11111 0.125 5.5625 1.35714 95 3.93333 3.82353 5 4.14286 40.5 4 4.33333 30 19.3333 9.33333 9.88889 2.07692 5.11111 5.5 3.88889 2.11111 37 2 4.38889 4.66667 1.14286 30.5 1.6 3.63636 45 
25 2.1 3.33333 5.5 2.33333 2.5 1.30769 2.46154 2.75 4.0625 0.176471 7.23077 3.28571 7.25 2.72727 9.71429 5.69231 2.25 2.77778 1 2.75 3.53846 18.75 2.125 7.25 2.46154 11.25 3.53333 4.95 1.15385 3.6 4.54545 6.83333 1.66667 1.46154 0.352941 13.4286 32 5.30769 3.92857 8.72727 4.33333 2.15789 4.13333 7.83333 5.6 3.15789 57 3.15385 3.88235 2.6875 19 21.3333 4.89474 11.75 4.84211 20 16.4 3.23529 103701 11.6 5.5 7.69231 3.375 2.72222 8.875 36 4.4 23 3.9 0.428571 12.4 9.57143 1.85 7 0.4 3.55 11 5.66667 16.6667 0.714286 9 0.875 9.44444 1.05263 1.65 0.5 5.42857 60 5 13.6667 0.6 2.91667 4.27778 0.176471 5.70588 1.71429 3.55556 2.35294 5.375 
1.9375 19.5 6 5 5.08333 7.66667 3.33333 7.14286 3.16667 1.84211 45.5 1.25 4.22222 3.33333 6.46667 89 0.4 1.78947 5.78571 11.1667 4.16667 0.692308 11.1667 9.33333 5.58824 3 8.55556 19.6 4.84615 3.28571 9.3 7.8 1.66667 6.69231 1.08333 96 2.16667 0.888889 6.92308 9.33333 2.10526 15.6 3.35 1 0.7 77 9.25 1.6 0.615385 1.94737 1.85714 2.38462 3.55556 98 6.71429 3.05 2.75 2.33333 6.5 2.57143 100701 3.64286 12.5 5.44444 11.25 9.44444 7.8 12 4.61538 41.5 10.5714 2 1.2 0.636364 3.9 3.4 37 1.61111 4.47368 14.6667 6.5 19 55 8.33333 3.53333 4.5 1.44444 1.9 6.3 1.33333 4.77778 3.25 1.84211 14 14.75 0.125 30.3333 8.88889 7.61538 32.6667 
83 3.76471 4.47368 15 17.25 3 1.92857 1.1 15.5 0.444444 1.77778 0.571429 20 12.3333 15 3.71429 4.82353 30.6667 2 0.153846 18.6 9 6.71429 0.611111 4.85714 11.75 25 3.45 3.09091 3.91667 8 1.1875 2.10526 5.58824 2.41667 2.41176 4.70588 7.75 4.42857 8.4 3.52941 3.75 1.10526 3.5 0.444444 6.77778 5.875 2.61111 0.444444 1.4 4.125 30.6667 15.1667 6.8 3.5625 6 32.3333 0.428571 5.8 1 7 108537 41 5.4 2.65 3.46667 10.25 9.83333 5.83333 6.25 31.6667 0.8 5.7 2.73333 2 36 1 7.8 0.866667 1.05263 20.3333 1.88889 6 11.5 7 6.21429 0.166667 5.83333 6.1875 4.9 11.25 7.375 5 10 47 2.1 31 9.5 6 8.75 
4.45 3.125 11 1.82353 2.8125 7.8 10.5 8.66667 3.61538 2.8 29.6667 25.3333 3.14286 8.75 71 42 5.11111 15.6667 14.5 6.13333 4.82353 31 12 3.8 1.4 6.125 2 60 10 14.25 2.29412 32.3333 5.17647 5.2 1.66667 6 27.5 98 4.54545 7.30769 1.29412 42 6.25 1.07143 16.3333 2.94118 49 3.52941 27 8.85714 1.64286 2.3 1 9.66667 0.722222 16.3333 1.36364 4.6 39 9.4 3.55 6.69231 123678 4.70588 16.6667 3.3 4.28571 3.08333 12.375 0.9 2 4 5.38462 5.29412 1.36842 5.46667 5.23077 9.25 3 7.5 5.375 15 14.25 0.416667 2.16667 3.26316 10.75 9.625 1.88235 1.85 1.61538 4.85714 6.42857 8 2.125 6.125 0.625 2.70588 0.0769231 4.61111 
4.85714 14.1429 5.58333 3.6 16 3.65 4.10526 5.3125 7.83333 3 5 10.5 7.25 3.94737 4.66667 15.6667 5.2 5.11111 3.1 1.9 3.7 6.14286 17.6 10.875 2.2 6.4 0.916667 4.5 6.26667 7 51 7.36364 6.23077 38.5 16 0.833333 12.5 8 5.5 2.5 5.7 11.5 1.25 11.3333 1.92308 4.625 18.8 2.6875 8.875 6.4 4.72222 2.57143 2.125 9.75 4.42857 7.72727 23 4.72222 3.66667 13.5 8.71429 6 3.64706 122083 1.65 5.6875 7.28571 5.83333 4.6875 2.61538 19.8 31 87 5.25 6.44444 2.57143 0.272727 1 86 0.888889 13.1667 2.69231 30.5 3 1.1875 5.08333 1.11765 3.5 1.71429 3.38889 3.125 5.41667 2.86667 6.77778 96 5 0.888889 2 3.6 4.125 
0.764706 5.17647 11.875 6.5 1.92857 1.5 2.25 3.16667 9.33333 4.15385 4.9375 7.53846 2.5625 100 3.33333 4.25 5.16667 14 1.84211 0.0555556 4.71429 4.75 11 10.125 6 22.3333 4.66667 47 4.1 0.5 2.18182 10.8889 6.66667 0.705882 5.83333 5.4 9.25 2.17647 8.2 3.94737 2.70588 1.28571 31 1.9 8.16667 7.91667 12 4.625 0.7 1.3125 0.2 1.13333 5 4.2 10.875 1 9.16667 9 3.5 5.91667 2.05556 3.5 1.77778 2.5 105559 0.111111 4.09091 1.85 5.25 4.76471 1.05 2.36842 4.8 2.35294 9 4 2.2 2 2.5 3.8 2.10526 5.36364 1 5.16667 1.71429 43 16.75 4.5625 3.55556 3.94444 1.70588 1.36364 12 6.78571 4.55 19 11 13.6667 5.16667 3.82353 
1 2.9375 7.16667 0.588235 3.35714 5.86667 7.25 0.941176 6.8 7.3 5.11765 0.5 18 95 0.375 0.846154 11.5714 7.16667 6.46154 2 10.5556 5 3.10526 4 4 6 2.8 3.5 8 3.16667 15.75 3.52941 1 4.66667 1.94444 6.25 3.3125 1.5 0.411765 9 12.1667 31.3333 11.2 3 4.10526 3.75 16 4.65 5.33333 2.22222 2.82353 4.6 63 2.375 4.875 5.64706 5.73333 13 0.75 40.5 8.4 21.75 4.05263 3 6.0625 132066 14.5 7.28571 4 1.77778 15.6667 7.625 57 1.3 6 20 38.5 5.29412 6 0.85 6.66667 3.44444 3.08333 1.86667 10 6.1875 4.17647 3.94444 16.25 7.08333 1.31579 1.45 1.84615 9.625 0.833333 9.6 2.15 3.625 60 7.91667 
1.68421 3.30769 5.57143 7.27273 14.8 5.25 5.23077 1.57143 1.58333 2.125 1.36842 3.08333 7.44444 6.38462 0.111111 4.11111 19.3333 23.25 0.333333 5.55556 9.5 0.684211 3.71429 8.8 4.11111 1 0.705882 18.3333 1.77778 7.07143 13 11.25 5.66667 17 32 1.90909 3.07143 3.63158 76 8.66667 1.5 7.5 18.25 5.66667 3.5 65 5.92857 3.66667 3.3125 1.68421 9 3 6.71429 6.09091 9.25 5.46667 1.375 0.555556 12 9 17 30.5 7.66667 7 5.5 0.5625 121345 2 31.3333 19 3 3.4375 14.4 3.10526 8.625 6.77778 23.25 13.6667 14.1429 10.6667 7.41667 0.411765 4 0.428571 1.6 7.07692 3.90909 4.6 7.33333 8.55556 14.5 9.66667 2.85714 16.2 9 47.5 3.46154 2.28571 46.5 6.92308 
2 6.71429 14.5 9.71429 33.3333 1.125 3.38889 32.5 1.875 7.08333 4.78571 10.625 2.41176 1.25 4.94737 5.25 24.5 4.625 2 7.53846 2.4 3.26667 1.25 33 4.31579 0.666667 2.69231 7.53846 0.9375 3.14286 29.3333 6.53333 5.75 1.22222 65 1.94444 32 6.71429 18.2 9.1 0.6 3.93333 9.55556 2.11111 1.375 5.46154 4.4 9.14286 32 0.75 4.6 6.27273 4.28571 13.7143 3.41176 5.75 5.57143 5.64706 5.21429 4.66667 3.33333 7.23077 9.8 5.55556 0.357143 2 93 102108 2.23077 0.375 8.875 0.111111 10.8333 1.7 6 5.2 99 3 26.6667 9 9.44444 2.52632 19.75 4.94444 3.85714 15.5 2 25.6667 3.16667 17 5.75 0.0769231 2.33333 4.26667 0.235294 19.75 3.5 3.68421 4 1.92857 
6.07143 16.3333 3.91667 0.375 3.15 2.35714 0.529412 1.36842 3.5 7.33333 19.2 5.81818 4.1 52 7.91667 7.42857 8.33333 7.25 3.72727 36 4 0.727273 0.142857 6 1.64706 5.2 1.5 1.06667 9.375 2.53333 8.375 6.64286 7 1.33333 1.64706 0.9 1.14286 10 3.77778 20.25 4 16.3333 0.944444 7.42857 1.25 2.92308 7.58333 6 0.75 16 90 2.61111 2.71429 4.29412 1.11765 3.4 0.235294 18 12.8571 1.88889 13 23.3333 0.1875 21.25 2.66667 0.176471 1.8125 6.15385 100931 10.1429 6.30769 5.92308 12.4 5 19 0.181818 4.07143 10.6 5.35294 5.55556 0.166667 1.2 2.61538 5.36364 6.5 12.375 5 10.8 6.4 3.10526 4.58333 0.368421 3.08333 3.5 3.85714 5.78571 3.3 1.5 13 9.25 
7.57143 4.6 11.1429 0.9 9 8 7 0.461538 1.44444 7.22222 9 47 16 4 2.35714 8 3.94118 5.75 22.6667 2.4375 27 12.4286 2.8 6.4 2 18 9 1.15385 4.875 2.2 4.22222 3.44444 12 18.8 11.5 3.84211 0.65 3.11111 5 12.5 19 11.375 7.07143 3.33333 9 2.72222 5.85714 2.13333 7 9.14286 4 5.38889 0.125 7.66667 0.333333 31.3333 2.57895 12.4286 16.6 5.61538 1.94444 1.27778 0.1875 2 17 13.75 3.53333 10.7143 26 106807 2.18182 62 10 5.58333 5.41176 6.06667 2.57143 9.2 1.11111 7 6.33333 5.9375 5.81818 18.8 7.5 3.33333 13.4 2.25 3.94118 6.33333 94 1.05882 7.75 9.9 13.1667 37.5 5 1.15385 3.16667 35 
3.66667 1 4.38462 29.5 10.8 1.5 2.36364 13.4 33.5 4 4 23 1.5625 2.38462 10.3333 1.9 4.16667 2 9.25 3.05 2 0.85 7.9 2.5 1.5 0.666667 4 26.5 3.77778 1.44444 3.66667 16.6667 9.28571 15.6667 3.81818 0.272727 1.2 4.66667 0.5 3.69231 13.25 5 0.85 3.08333 21 11.1667 7.44444 11.5 3.83333 0.375 41 3.16667 53 1.23077 14 0.166667 5.25 6.30769 1.9 5 19.75 1.11111 18.4 3.33333 16.5 7.07143 3.69231 1.4 8.33333 2.13333 104636 8.27273 8.33333 4 1.5 1.35294 5.88235 4.76923 2.83333 2.55 59 0.866667 4.58333 10 0.25 1.25 8.28571 19.2 3.44444 17.8 13.1667 47 10.8571 0.578947 1.76471 1 0.5 7.28571 0.631579 2.46667 
2 5.7 2.29412 2.875 35 5.71429 9.7 17.2 2.3 1.94444 9.3 1.66667 100 2.71429 1.18182 17.3333 23 6.54545 7.91667 10 4.44444 2 13 2 24 0.333333 3.8125 7.2 0.9375 7.36364 29 5.33333 2.21053 8.66667 2.57895 2.125 2.28571 3.26667 2.1875 1.72727 6.45455 9.5 2.90909 9.28571 4.88235 7.57143 4.07143 6.66667 4.4 3.0625 7.81818 3.6875 24 15.5 9 1.54545 1.875 2.6 7.15385 4.625 4.31579 1.5 0.842105 19.6 0.5 13.8333 4.13333 3.36842 2.66667 3.22222 4 127981 3.66667 2.23077 1.85 4.66667 40 8.375 3.2 11 9 86 4 20 6.75 15.2 7.1 0.470588 28.5 7.25 6.09091 3.4 0.428571 6.58333 5 28 9.28571 0.842105 6.27273 0.235294 
11.3333 8.16667 3.2 2.1 5.83333 4.61111 12.5 4.28571 56 4.61538 4.33333 3.6875 14.5 4 1 6.84615 5.44444 21.75 6.91667 5.14286 0.5625 2.09091 5.69231 5.64286 1.45455 1.78947 2.9375 11.6667 13.5 24.3333 7.90909 1.46667 1.28571 5 6.75 4.1 10.5 3.13333 26.5 15.8333 7.30769 37 6.125 2.72222 9.5 5.875 6.25 4.83333 5.58333 1.55 5.14286 4.66667 6.4 13.8333 8.6 64 8.18182 15.5 3.5 4.75 46 7.5 9.33333 59 15 4.5 7.6 5.16667 0.285714 1 3.28571 3 105518 11.7143 6.30769 9.125 4.22222 3.66667 12.3333 8.75 4.23529 15.75 14.6667 5.3 4.6875 0.944444 73 20 0.642857 3.28571 14 1 12 6 8.4 3.72727 4.45 0.333333 13 2.8 
7.45455 7.2 32.3333 1.83333 3.84211 4.5 0.111111 13.6667 12.125 5.25 18 3.875 2.0625 0.266667 2.64706 79 3.08333 6.875 4.35714 6.91667 0.65 3 10 6.71429 29.3333 13 9 2.21429 3 6 5.58333 0.727273 6.81818 3.3125 10.25 2.27778 19.3333 3 2.08333 7.77778 7.8 2.90909 44 1.47368 6.57143 3 4.21429 2.64706 1.23529 5.5 3.78571 0.526316 4.94444 13.8333 4.42857 20 2.05556 6.33333 15.6667 26.5 1.44444 3.21053 9.2 0.375 4.14286 4 7.75 0.928571 2 2.52632 3.4 2.25 2.23529 112510 0.7 6.33333 0.882353 2.09091 3.44444 24 28.5 6.125 4.11111 4 6.63636 13.25 15.3333 22.25 22 0.166667 25 2.46667 4.29412 3.54545 19.4 14 23 0.5 2.75 4 
12 11.4286 1 4.6 2.38462 2.125 6 17.5 4.29412 35 2.47059 63 4.1 4.5625 49 16.5 63 1.21053 5.3125 4.125 3.95 2.25 3 0.363636 1.6875 25.3333 14.5 9.66667 0.0909091 31 5 19.6 3.66667 1.8 5.35294 1.55 4.6 4.125 31 24.75 17.6 4.33333 7 4.5 8.66667 6.4 0.785714 6.88889 9.6 3.875 16 9.25 2.31579 9.5 5 4.6 6.2 11 19.5 36 1.85 3.5 6.33333 0.272727 9 1.07692 5.29412 2.63636 6.66667 0.384615 15.6667 6.07692 0.3125 8.77778 103480 2.125 4.25 2.07143 11.2857 0.357143 2.875 12.4286 3.57895 2.66667 1.57143 0.714286 5.05263 16 1.45455 4.41667 0.421053 0.4 3.84615 26 5.85714 1.05263 4.76471 6.07692 0.75 2 
1.05 14.5 29.6667 2.5 6.6 2.26316 16.75 3.44444 9 2.90909 4.38462 5.33333 0.555556 0.894737 91 8.25 1.42857 4.1875 6.25 2.3 4.75 1.1 6 13 1.94737 2 1.93333 2.5625 23.75 9.28571 17.6667 3.26667 12.6667 0.916667 2.21429 7.07692 1.21429 1.41667 0.277778 14.5 5.46667 2.0625 23 7.07692 1.68421 59 3.44444 8.11111 10 0.5 3.85714 19.5 6.16667 0.285714 1.25 12 1.35714 0.277778 4.71429 7.16667 9.33333 8.1 9.5 2.8125 2.66667 1 1.16667 17.6 5.73333 10.8 1.75 7.22222 0.0666667 0.588235 4.7 118081 39 3.88889 11.2857 8.14286 49 4.2 4.4 16 34.5 17 71 9.11111 5 4.8125 4.5 0.909091 7.85714 0.153846 0.166667 3.76923 2.21429 6.28571 2.57143 1.25 
14 5 28 1.66667 64 2.5 6.85714 0.411765 9.16667 8.66667 4.53846 10.4444 4.54545 1.125 4.94118 2.53846 9.75 13.75 4.33333 1.88235 42.5 10.3333 1.9 14.2857 0.888889 2 6.125 25.3333 7.16667 3 9.25 4.05556 2.78571 3.33333 3.28571 8.7 67 0.722222 7.53846 0.0625 4.55 4.2 3.66667 9.7 0.363636 6.44444 3.1 73 2.95 1 1.77778 10.2 1.44444 0.375 8.33333 1.1875 42.5 1.28571 8.57143 1.8 0.117647 6.26667 2 12.25 1.5 3.625 14.3333 4.375 12.25 9.75 4.30769 2.4 0.375 2.73684 0.0833333 4.2 130854 1.94737 7.07692 1.35714 67 2 4.29412 11 3.21053 10 6.77778 2 8.4 3.54545 0.333333 4.57143 6.66667 3.75 3.38889 2.18182 7.30769 2.63158 10.7143 25 
4.5625 4.61538 2.95 3.09091 4.5 5.66667 5.61538 11.6 4.66667 0.277778 47.5 5.21429 1.70588 82 17.2 31.6667 4.64706 4.05263 2.3 1.75 1.33333 5.6 8.2 3.66667 18 3.26316 6.125 10 26 10.8889 3.45455 5.53846 1.875 0.5 9.16667 0.333333 14.6 5.6875 5.375 9.33333 7.5 0.111111 9.375 75 4.25 2.25 2.68421 3.5 1.61538 3.27778 17 6.71429 0.2 10 30 4 1 3.5625 12.5 3.65 1.05882 4.875 13.6667 14.8333 2.42857 4 2.33333 3.08333 8.33333 2.1 29.6667 0.05 9.71429 3.26316 6.35714 7 2.90909 124927 1.75 0.461538 2.4375 3.52941 2.68421 3.07143 5.5 3 2.625 12.6667 3.06667 4.71429 6.66667 6.4 5.08333 41 28 4.6 2.78571 4.33333 15.6667 4.6 
0.0833333 4.25 1.77778 5.61538 7.3 2.07692 11.8571 14.2857 1.94118 1.70588 5.05882 16.6667 0.142857 0.0909091 12.6 3.22222 3.4 5.05556 6.5 3.11765 3.72727 7.7 8 40.5 12.75 4.92857 1.88235 1.14286 0.2 1.55556 1.66667 2.63636 16.5 1.66667 61 55 1.625 4.3 10 2.92857 2.05263 34.5 18 8.25 2.66667 1.4 8.54545 0.666667 4.6 6 4 4.54545 8.18182 8.6 45 6.77778 27.3333 11 3.66667 2.45 6.5 10 6.875 6.11111 6.8 3 30.3333 2 4.82353 10.8889 2.375 0.9 5.46154 4 2.66667 1.68421 4 1.44444 122620 50 4.65 2.4 0.642857 6.14286 15.6667 1 10 13.6667 15.3333 3.70588 0.4 3.65 70 6.42857 4.05263 13 2.875 1.46667 12.3333 7 
0.3 2.22222 2.5625 21 4.125 4.08333 8 4.11765 4.27778 26.6667 0.142857 7.22222 5 4.9 16.1667 2.15 4.4 1.15 14.75 13.3333 34.5 4.875 0.2 6.14286 13 8.11111 7.07692 24 2.33333 4.18182 10 3.68421 4.72222 11.25 3 1.38462 2.2 3.53333 20 16.5 7.25 11.75 10 2.5 5 0.307692 2.64286 6 6.33333 8.63636 6.42857 0.210526 8.8 5.66667 10 7.5 0.307692 16.6667 6.5 1.91667 1.375 73 1.30769 7.125 2.83333 7.33333 37 34 20 12 0.769231 12.3333 2.42857 27.3333 2.11111 0.5 15.8333 3.46667 1 126943 5.875 2.41667 1.4 16.2 15.25 1.23529 4.77778 3.14286 1.63636 2.55556 5.375 5.76923 4.18182 17.6667 1.52632 16.75 9.375 6.45455 4.33333 21.5 
29.5 3.57143 7.18182 11.2 7.45455 35 1.52632 5.33333 3.625 5.29412 0.833333 1.33333 3.25 18 4.35 15.8 10.5 5.83333 14 0.285714 9 11.1429 9.2 0.888889 3.2 4.18182 2.15385 5.69231 31.5 2.22222 2.78947 3.91667 0.235294 3.35714 6 54 2.27778 0.8 1.11765 11.75 10.4286 23.3333 4.28571 2.75 12.2 4.66667 1.33333 4.88235 2.25 0.5 4.66667 7.85714 0.75 7 11 3.4 2.90909 3.35714 7.88889 5.2 6.58333 8.7 28 14.5 5.77778 9.66667 0.583333 0.75 4.2 3.31579 33 4.58333 4.55556 5.66667 2.42105 60 5 14 2.83333 0.166667 131654 2.4 16.3333 7.63636 6.11111 3.0625 4.5 1.42857 13.6 5.21429 3.125 3.70588 1.625 16 1 14 8.25 4.4 6.92308 9 
33 9.77778 16.25 0.666667 3.57143 2.57895 4.36364 3 10.75 11.5 1.52941 6.92308 22 1.78947 6.45455 40.5 4.81818 20.75 16.6667 8.25 0.642857 93 1.9375 11.6 1.18182 2.15 4.42857 5.125 21 2.14286 13.6667 0.2 5.78571 13.8571 3.6 0.714286 84 2.65 2.88889 18 1.94737 1.66667 8.375 10.6667 6.21429 12 5 3.30769 26 15.1667 5.76923 2.45 4.10526 3.2 4.76471 7.25 1.25 3.31579 7.85714 2.5 9.5 4.70588 1.78571 7.5 6.66667 4.42105 0.6 23.3333 1.36842 15.8333 44.5 0.222222 5.76923 2.05882 1.23077 8.5 1.76471 5.11765 28 88 11.5 129032 2.64286 2 3.09091 1.52941 28 9.55556 9.5 5.16667 5.64706 0.5 0.333333 4.53846 6 6.5 1.5 15.25 4.61538 1.33333 
3.5 8.6 1 6.25 5.9 10.5714 41 3.07143 2.2 5.2 5.76471 1 0.571429 4.17647 1.81818 3.84615 1.21053 7.09091 6.14286 15.75 2.57143 0.473684 3.95 2.5 4.78947 3.85714 2.13333 5.5 1.27778 1.55556 4.63158 8.2 4.18182 4.4 2 9.33333 4.375 6.61538 7.6 5.55556 3.5 1.28571 2.31579 1.38462 23.25 1.46667 20 28 1.1 3.57143 27 0.454545 3.1 9.6 4.5 1.10526 13.8 7.25 0.733333 3.35714 3.4375 3.0625 11 1.625 2.22222 52 11.2857 2.1875 1.53846 3.8125 4.61111 4.69231 3.0625 4.33333 16 3.76471 0.388889 9.85714 5.55556 1.42857 14.5 4.33333 122969 5.36364 35 39 5.0625 60 12.8333 6.76923 8.42857 16.5 13.3333 8.44444 5.16667 5.13333 3.5 2.95 0.571429 13.75 
25.6667 2.8 5.13333 97 10.2222 2.16667 5.54545 4.33333 17.25 4.66667 2 22 4.85714 6.72727 4.13333 3.52941 3.77778 29.5 9.5 6.85714 4.88235 5.26316 2 5.71429 15.3333 4.33333 2.5 2.625 8.5 10 47 1.55556 69 8.6 3.15789 6.69231 1.72727 8.25 1.125 17.2 3.41667 3.63636 7.16667 7.4 6.16667 2.66667 4.77778 3.09091 6.625 8.14286 14.75 3.88889 1.47368 0.0769231 3.4 11.2857 5.7 10.3333 12.8 5.83333 20 4.10526 2.36364 0.277778 1.9375 4.78947 6.83333 5.28571 0.5 7.25 2.11111 38.5 5.17647 4.9 6.0625 9 5.375 3.47368 2.25 7.72727 5.09091 22.6667 6 113800 0.636364 4.18182 0.285714 18 14.25 2.9 4.25 20.5 5.38462 26 1.53846 1.71429 11 8.44444 2.35714 5.17647 
4.72727 4.0625 5.55556 3.1875 0.473684 6.33333 2.14286 6.08333 2.42857 4.05 1.16667 0.5 8.18182 1.93333 16.25 3.26667 3.82353 19.2 5.21053 4.53846 9.42857 0.533333 9.5 3.72222 6.25 3.63636 14.3333 1.61111 0.315789 1.94737 16.25 23 3.95 4.90909 2.41667 35.5 4.3 5.45455 3.21053 13.8333 1 8.75 5.55556 5.63636 3.65 33.5 3.3 3.15 1.0625 11.75 6.125 15.1667 78 1.83333 5.375 3.89474 1 3.7 6.27273 2.06667 10 5.22222 3.25 8 0.642857 7.27273 48 3.55556 4 0.8 8.5 11 5.33333 7.45455 4.06667 3 7.85714 6.61538 5.23529 3.64286 5.3 6.66667 3.14286 4.42105 123395 5.41176 2.95 4.125 4.5 15 0.3 8.33333 15.6667 76 8.45455 2.18182 7.14286 3.90909 2.23529 1.83333 
4.16667 2.6 9 2.83333 1.5 48 9.875 13.3333 1.6 1.5625 1.75 6.33333 20 2.33333 40 3.8125 0.25 8.27273 1.45 84 0.125 2.33333 2.76471 0.666667 4.2 22 2.68421 2.42105 18.3333 79 2.58333 1.83333 3.75 2.69231 1.25 8.5 5 26 6.75 8.88889 11.4286 16 3.09091 2.91667 6.57143 3.86667 0.0625 82 4.5 4 7.23077 0.357143 24.5 0.214286 3.26316 4.89474 8.88889 4.47059 31.6667 1.15385 12.4286 3 3.88889 3.125 8.625 6.125 7 6.4 3.73684 2.16667 4.91667 9.75 7.66667 20 2.25 1.84615 5.33333 8.75 3.9 3.75 0.526316 4.64706 7.07692 1.66667 8.375 101731 1.6 2.61538 1.14286 5 32 11.75 11.1667 1.57895 0.117647 9 4.73333 17 2.125 10.1429 
1.5 49.5 2.8 7.72727 4.90909 3.7 4.66667 8.14286 7.875 1 3.75 24.5 5.66667 11 10 3.23529 2 2.16667 3.4 23 0.875 2.75 2.75 0.928571 6.2 41 51 20.3333 13.5 6.88889 4.70588 2.42857 4.64706 3.58824 1.5625 1.05 4.88889 32.3333 2.27778 5.375 3.22222 4.875 3.55556 2.85714 7 1 5.875 3 0.666667 5.09091 4.47059 6.14286 6.9 15.5 73 12.6 5.83333 0.6 0.4375 2.125 1.21429 7.75 0.833333 3.27778 1.88889 1.11111 18.4 12 10.6667 16 5.13333 18.25 3.4375 10.5 66 13 22 2.77778 75 6.25 84 6.81818 9.2 5.125 12.7143 7.16667 120539 2.07143 30 2.33333 47.5 1 4.77778 6.42857 13 4 1.5 3.55 9.6 9.22222 
7.5 8.8 2.55556 5 3.8 14.4 9.88889 2.90909 3.72222 3.13333 22.75 9.5 4.41667 4.5 3 5.6 1.27273 18.4 2.42105 11.8333 82 2.36842 9.71429 3.44444 1.16667 4.5625 1.81818 5.93333 0.111111 12.75 10 69 4.25 6.42857 4.23077 0.4 12.1667 16.6 5.81818 5.9375 14.3333 2.31579 2.66667 3.21053 4.875 19 3.4375 1.73333 1.47059 0.823529 2.6 1.33333 15.2 3.16667 20 2.66667 2 5.5 6 1.94444 10.25 2.66667 90 6.1 4.8 4 2.30769 4.33333 2.875 1.375 6.66667 11.25 0.157895 3.86667 6.55556 9.625 4.47059 3.21429 2.75 2 18 8.5 12.375 24.5 3.55556 3.2 6.35714 118737 44 8 9.22222 45 22.75 1 3.92308 2.1 8 8.75 3.93333 13.7143 
3.68421 3 0.578947 1 21 3.4 1.84615 8 2.08333 4.26316 5.88235 3.4 7.77778 1.07143 12.6667 0.4375 38 25 4.66667 0.368421 4.5 2.5 5.27273 23 97 5.92857 2 0.35 1.8 5.46667 4.05263 4 6.1875 37 33 2.54545 1.15385 1.8 3.58333 1.53846 4.86667 5.66667 4.27778 3.15 1.2 18.75 4.66667 10.25 26.3333 3.41667 3.625 4.29412 1.73333 5.14286 63 4.83333 2.22222 4.83333 1.90909 5 1.4375 4.78947 2.33333 2.5 8.63636 68 5.15385 3.21429 9.14286 9.5 7 0.631579 7 0.5 2.5 1.28571 11.25 4.4 6.2 16.5 2.35 1.3 3 1 3.27778 16.6 4.78571 5.9375 126135 1.85714 5.16667 47.5 22 5.18182 4 20 1.76923 0.705882 4.72727 7 
11.5 1.66667 0.0588235 16.3333 0.230769 4 6 1.38889 7 7.66667 16.3333 1.16667 1.47368 6.84615 1.53333 2.25 4.33333 4 3.06667 26 4.5 14.2 12.1429 3.09091 2.25 7.625 3.5 9.5 10.625 0.444444 5.09091 1.22222 45 10.5 5.77778 5.33333 15.75 8.44444 0.05 0.294118 7 7.07143 3.57143 2.35 3.94118 1.09091 5.85714 4.77778 8 4.35714 8.625 1.52941 2.30769 5.76471 3.33333 14.5 0.631579 6 3.05882 0.230769 25.6667 2.06667 0.785714 79 7.53846 11.8571 15.5 3 1.66667 26 4.5 4.77778 2.78947 7.14286 3.25 1.91667 14.8333 8.33333 8.25 5.47059 4.8 57 4.72727 0.6 4 3.2 0.8 11.2 13.5 125205 0.722222 6.07692 3.8 16 5.4375 5.29412 3.05882 4.05882 6 6.58333 
19.6 9.2 19 6.66667 4.15 3.08333 3 1.66667 11.5 5.2 1.05 10.8333 7.16667 2.53333 7.66667 8.72727 7.85714 9.2 1.2 4 1.33333 49.5 5.42857 4.53333 2.28571 2.15789 5.4 4.21429 9.6 1.4 3.4 0.222222 91 7.08333 2.90909 2.83333 19.6 12.125 0.285714 50 16 7.375 1.55 8.16667 3.85714 5.5 6.66667 6.33333 2.5 4.3 3.63636 1 0.85 25.5 0.384615 5.5625 4 1.57895 3.38462 5.47059 13.6 4.85 3.72727 10.8571 2.76923 1.08333 1.42857 0.4 22 1.83333 11.1429 2.72222 6.5 2.25 8.125 2.65 4.93333 3.66667 6.28571 4.78571 1.5 0.777778 16.25 3.75 2.28571 3.66667 2.07143 2.41667 0.285714 0.5625 102894 9.83333 14 0.333333 9.85714 7.07143 1.76923 46.5 41 0.285714 
6.14286 3.81818 1.94737 0.611111 83 2.05 1.06667 8.63636 4.2 1.0625 0.210526 3.35294 1.28571 1.57143 2.21053 4.23529 9.16667 68 5.75 5.5 4.625 0.105263 3.15385 13.6667 4.72222 20 6.28571 6.125 2.11111 3.8 6 1.1 5 2.625 2 11 5.81818 1.85714 5.5 1.26316 0.933333 3 34.5 0.25 10.1429 40 20.5 1.42105 2.75 23.5 4.15 24.3333 1.83333 7.72727 15 4.13333 3 1.0625 5.5 0.7 2 2.42857 4.625 6 2.78947 8.77778 3.42105 2.92857 92 11.8571 3.73684 6.57143 4.92857 7.25 2.88889 15.5 7.375 2 2.35714 2.625 7.5 8.8 22.5 24.5 68 3.11111 3.66667 3.88889 47 3.23077 6.36364 132733 3.66667 7.4 5.58824 0.05 5.06667 0.916667 1 10.75 
5.2 7.61538 5.18182 3.81818 5.05882 13.75 2.44444 3.64706 3.55556 1.16667 8 28 47.5 7 48.5 7.83333 0.615385 0.894737 3.71429 0.9 5.5 9.5 40 1.15789 5.66667 2.35 20 8 3.85714 5.81818 8 33 0.363636 3.77778 5 4.8 0.235294 5.28571 1.92857 4.25 4.75 0.4 4 9 0.307692 0.941176 6.27273 3.6875 34 7.66667 1.66667 46 4 3.27273 7.875 17.5 3.05882 6 5.11765 3.30769 6.44444 59 5.33333 2.45 8.63636 3.93333 1.91667 47.5 4.71429 2.78947 0.5 5.2 0.2 0.727273 3.13333 2.44444 3.36842 4.06667 5.26316 6.75 2.25 4.6 37 1 3.5 90 6.16667 83 1.8 9 14.3333 5.64286 101484 16.6667 4.83333 0.571429 5 95 2.22222 9 
9.55556 0.25 0.625 10.2857 5.69231 45 2.28571 4.10526 3.16667 2.93333 7.42857 1 0.941176 4.17647 5.76471 2.64286 1.23077 3.77778 5 0.538462 0.181818 1.125 3.58333 6.28571 8.16667 55 3.26667 1.08333 4.36842 3.23529 3.8 10.6 2.52632 5.66667 1.66667 6 1 1.91667 75 9.71429 4.4 4.5 1.78571 3.2 2 1.42105 0.1 3.05263 2.11111 5.05882 8 0.6 3.75 0.8 2.08333 3.15385 6.57143 9.14286 1.8 6.78571 9.3 4 10 3.5625 3.1 1.16667 1 4.4 37 3.09091 0.428571 4.42105 5.2 2.8 6 33 14.2857 2.94444 9.33333 0.823529 3.84211 8.5 2.55556 1.95 2.15 0.9 12.4286 0.444444 3.16667 31.6667 4.55 33.5 5.375 121946 6.1 4.94118 4.8125 54 6.5 1.5 
3.78947 18 74 0.6 2.71429 5.4 5.2 17.8 22.3333 19.5 2.4 1.27778 23 0.75 2.42857 9.14286 4.84615 21 0.555556 26 9.83333 4.57143 1.94444 3.05 9.7 4.17647 5.4375 1.8 5.53846 0.375 8.5 2.41667 3.41667 9.33333 1.94118 8.11111 6.5 1.68421 14.2 0.0666667 46.5 3.625 2.57895 54 4.22222 11.3333 1.5 1.15 7 1.94444 2.11111 8.08333 9 9.42857 4.55556 20.5 5.58333 4 4.625 0.1875 0.444444 18.5 4.8125 1.33333 1.2 2.85714 6.41667 16 4.84615 25.3333 6.5 7.75 6 5.1 9.57143 4.16667 9 23 1.17647 0.625 0.642857 17.3333 39 16.6667 0.470588 3.77778 0.4 89 11.8 12 7.33333 0.894737 7.71429 12 102093 4.94444 0.888889 1.36842 4.1875 74 
3.21429 0.777778 17.75 5.69231 5.5 3.09091 6 1.25 5 1.22222 13.5 14.6 17.3333 1.92308 3.94118 0.529412 1.4 5.375 12.25 3.13333 1.625 7.5 21 30 3.9 5.5 8.2 15.5 6.71429 10.2857 5.26667 2.5 4.15385 2.15 28 27 49 1.125 10 11.8571 1.95 4.28571 2.46667 4.25 10.8 11.5 28.5 1.21429 8.3 5.53333 7.5 77 0.421053 3.28571 3.58333 6.46667 16.8 5.21429 4.3125 5.35294 7.2 4.72727 3.77778 3.5 13 11.8 1.58824 7.33333 6.25 5.58333 0.842105 2.33333 11 6.42857 4.36842 1.42105 5.375 2.5 2 7.46154 69 2.5 0.444444 9.71429 2.10526 5.71429 3.76471 2.5 5 42 4.6 4.1 5 5.45455 1.17647 111133 14 10 89 10.5556 
2.66667 30 4 0.0625 11 8.42857 6.5 76 5.55556 44.5 32 4.54545 3.42105 1.42105 46 6.0625 0.833333 6.5 5.22222 7.30769 2.22222 2.64286 1.7 13.4 4.75 14 90 22 0.333333 1.75 4.91667 5.75 27.3333 44 1.10526 0.5 47 3 6 0.722222 1.11111 2.53333 8.75 0.466667 0.75 6.16667 8.72727 19 2.22222 20 14.8 14.2857 18.8 19.8 0.444444 45.5 3.6 3.5 6.72727 28.6667 1.57143 45 2.0625 11.2 0.4 6.57143 41 2.83333 5.55556 3.78947 6.78571 2.66667 3.23077 2.41667 11.2 0.666667 4 0.444444 1.16667 5.9 5.38462 3.8 1.93333 17 1.36364 0.466667 0.625 5.09091 2.57143 6.14286 4.33333 11.75 8.90909 10.8333 9 29 131564 32.5 12.25 4.15789 
1.89474 16 1.31579 0.882353 94 3.6 22.6667 4.8 40 19.2 5.26316 1.81818 15.8333 20 12.7143 6.25 7.125 1.66667 3.77778 3.33333 1.36364 6.5 4.25 4.42857 5.71429 3.88889 6 5.58333 11.8 83 3.84615 90 0.857143 16 0.736842 6.5 1.15385 21.6667 2.08333 42 13.3333 11.2857 13.2857 9.2 0.857143 0.611111 4 33 1.25 42 9 3 5.4 6.1 2.23529 39 5.8 13.2857 16.5 5 9.09091 0.0625 3.45 5.5 0.0625 9.42857 30.6667 12.25 1.625 48.5 2.11111 15.6 2 24.3333 30.3333 2.14286 3.84211 0.75 13.8333 26 1.95 0.133333 4.44444 2.16667 1.16667 8 4.38889 5.625 9 1 3.70588 6.15385 4.07692 18 3 4.55 10 127967 11 3.5 
3.5 7.66667 0.0833333 5 15.2 2.25 2.5625 7.81818 6.14286 68 0.357143 9.66667 1.44444 2 9.33333 5.75 2 2.8 6.5 2 2.17647 0.7 3.71429 1.125 2.55556 0.421053 1.25 4.11765 0.6 8 0.642857 6.8 13.8333 6.23077 3.88889 3.36842 1.875 3.66667 3.46667 1.08333 5 8.16667 5.64286 1.73333 0.692308 1.9 3.83333 1.5625 6.63636 9.28571 0.411765 1.84211 8.5 3.72727 16 22 26 1.88889 64 1 3.05263 3.46154 2.11111 0.0833333 1.5625 2.66667 94 2.6875 6.35714 36 8 1.5 1.94737 3.58824 3 3.73684 4.13333 1.94444 48 3 46 7 7.54545 7.14286 9.33333 3.88235 11.5 7.75 86 8.5 25 8.16667 1.16667 8.4 5.83333 1.70588 5.28571 6.8 124081 4.9 
20.5 3.31579 3.16667 4.41176 1.8 12.25 0.5 3.86667 0.125 8.4 2.75 1.41176 11 7.14286 1.05263 37 3.45455 8 0.142857 1.94118 19 5.08333 47.5 22.5 4.54545 4.75 3.76471 28.3333 3.81818 4.26667 2.35 13 1.15385 2.8 3.375 2 14.75 4.9 4.28571 1.3 34.5 1.16667 4.16667 5.07143 6.11111 5.4 19 2.33333 5.4 29 2 9.75 3.8 1.6 1.1875 92 4.35294 4.94737 4.5625 4 28.5 5.13333 3.10526 1.09091 5.35294 2.85714 2.41176 9.28571 9.28571 21.75 4.75 5.88889 4.5 8.81818 7.88889 0.166667 14 9.88889 3.5 25.3333 1.84211 1.66667 37 16.5 8.1 2.42105 6.46667 1.33333 6 12.4 6.54545 6.33333 0.538462 25 3 3.30769 8.1 4.16667 3.25 104940 
